21195
21196
21197
21198
21199
21200
21201
21202
21203
21204
21205
21206
21207
21208
21209
21210
21211
21212
21213
21214
21215
21216
21217
21218
21220
21221
21222
21223
21224
21225
21226
21227
21228
21232
21233
21234
21238
21239
21240
21241
21246
21247
21248
21249
21250
21251
21252
21253
21254
21255
21256
21257
21258
21259
21260
21261
21262
21263
21264
21265
21266
21267
21268
21270
21271
21272
21273
21277
21278
21279
21280
21281
21282
21283
21284
21285
21286
21287
21288
21289
21290
21291
21292
21293
21303
21307
21308
21309
21310
21311
21312
21313
21314
21315
21316
21317
21325
21326
21327
21328
21329
21330
21331
21332
21333
21334
21335
21336
21337
21338
21339
21340
21341
21342
21343
21344
21345
21346
21347
21348
21351
21352
21353
21354
21355
21356
21357
21358
21359
21360
21361
21390
21391
21392
21393
21394
21395
21396
21397
21398
21399
21400
21401
21402
21403
21404
21405
21406
21407
21408
21409
21410
21411
21412
21413
21414
21415
21416
21417
21418
21419
21420
21421
21422
21428
21432
21433
21434
21435
21436
21437
21438
21439
21440
21441
21442
21443
21444
21457
21458
21459
21461
21462
21463
21464
21465
21466
21467
21468
21469
21470
21471
21472
21473
21474
21475
21476
21477
21478
21479
21480
21481
21482
21485
21486
21487
21488
21490
21491
21492
21493
21494
21495
21496
21497
21498
21499
21500
21501
21502
21503
21506
21507
21508
21509