20579
20580
20581
20582
20583
20598
20600
20601
20609
20610
20611
20612
20613
20614
20615
20642
20643
20646
20647
20648
20649
20650
20651
20652
20653
20655
20656
20657
20658
20659
20660
20662
20663
20664
20665
20666
20667
20668
20669
20670
20671
20672
20673
20674
20682
20683
20684
20685
20686
20687
20688
20689
20691
20692
20693
20694
20695
20696
20698
20699
20700
20702
20703
20706
20709
20710
20712
20713
20714
20715
20716
20717
20719
20720
20721
20722
20723
20724
20725
20727
20729
20730
20738
20739
20740
20741
20745
20746
20749
20750
20751
20752
20754
20755
20756
20757
20759
