20894 0.0688352 0.151044
20895 0.213167 0.0465509
20901 0.121144 0.0499722
20924 0.170856 0.0463851
20925 0.132099 0.0440648
20926 0.177822 0.0430413
20928 0.161396 0.0441793
20931 0.151614 0.0509782
20938 0.175354 0.0645418
20962 0.298559 0.0417272
20963 0.00259186 0.0388727
20964 0.200912 0.0423281
20967 0.101396 0.0414371
20969 0.246114 0.0437233
20971 0.249232 0.0442543
20972 0.187089 0.0419624
20978 0.174278 0.0786926
20979 0.19492 0.0444751
20982 0.147284 0.043175
21002 0.110167 0.0422876
21003 0.336174 0.0616822
21005 0.293032 0.0447829
