20894 -0.000770217 0.00234642
20895 -0.00385652 0.00106974
20901 -0.00512213 0.00119601
20924 -0.00105511 0.00106587
20925 -0.000658356 0.00106555
20926 -0.000318553 0.00106597
20928 -0.000940313 0.00106278
20931 0.00376778 0.00107007
20938 -0.00207534 0.00128246
20962 -0.00248102 0.00100527
20963 -0.000604369 0.00100794
20964 0.00110873 0.00100426
20967 -0.0016177 0.00100543
20969 -0.00112867 0.0010058
20971 -0.00206092 0.00100608
20972 -0.00107449 0.00100736
20978 -0.000828582 0.0018611
20979 -0.000307422 0.00100918
20982 -0.00218452 0.00100739
21002 -0.00051536 0.00100833
21003 0.00315381 0.00144361
21005 -0.00102133 0.0010083
