20894 0.0667929 0.146562
20895 0.206842 0.0451463
20901 0.11755 0.0484824
20924 0.165787 0.0449938
20925 0.12818 0.0427479
20926 0.172546 0.0417466
20928 0.156607 0.0428543
20931 0.147116 0.0494549
20938 0.170152 0.0626154
20962 0.289701 0.0404377
20963 0.00251497 0.0377194
20964 0.194951 0.0410494
20967 0.0983878 0.0402018
20969 0.238812 0.0423928
20971 0.241837 0.0429075
20972 0.181539 0.0406973
20978 0.169107 0.0763486
20979 0.189137 0.0431349
20982 0.142915 0.0418819
21002 0.106899 0.0410262
21003 0.3262 0.059808
21005 0.284338 0.043408
