20890 3.95308e+07 900537 917625 4.02897e+06 92913 94501 3.48163e+07 805225 820690 1.94233e+07 444979 453372 1.94219e+07 445532 454040 1.92343e+06 198484 5288 1.71987e+06 1957.18 50.2639 16893.2 0 1957.18 2007.44
20891 5.28854e+06 120495 122503 0 0 0 5.21031e+06 120495 122503 2.60544e+06 59668 60621 2.60486e+06 59478 60508 258426 0 0 258426 0 0 2534.08 0 0 0
20893 4.00802e+07 908419 923681 3.94869e+07 908419 923681 0 0 0 1.97433e+07 449206 456846 1.97436e+07 449160 456612 1.94796e+06 1.94796e+06 0 0 19205.2 0 0 0 0 0
20894 3.34648e+07 762464 781690 7.48306e+06 172394 176687 2.54862e+07 590063 604973 1.6484e+07 377169 386654 1.64852e+07 376927 386480 1.62589e+06 368503 60 1.25733e+06 3609.49 -0.489883 12286.5 0 3609.49 3609
20895 9.64191e+07 3536614 3570047 3.79085e+07 1407072 1423619 5.6822e+07 2119893 2136712 4.73666e+07 1749179 1765737 4.73639e+07 1748304 1764804 4.68769e+06 1.8667e+06 12820 2.80818e+06 18265.7 127.385 27557.1 40858.6 40816.9 17294.4
20896 1.29831e+07 473855 479120 1.27909e+07 473855 479120 0 0 0 6.39633e+06 233941 236554 6.39456e+06 234728 237322 630695 630695 0 0 6170.19 0 0 0 0 0
20899 3.83886e+06 145110 146909 0 0 0 3.78212e+06 145110 146909 1.89107e+06 71682 72583 1.89105e+06 71840 72724 186360 0 0 186360 0 0 1823.87 0 0 0
20900 256724 7668 13188 0 0 0 252895 7668 13188 125602 3844 6543 127293 3740 6493 9119 0 0 9119 0 0 5.56456 0 0 0
20901 7.55679e+07 2832090 2867751 2.9542e+07 1123610 1142157 4.47422e+07 1702216 1719247 3.71427e+07 1399580 1417427 3.71415e+07 1401332 1418752 3.71196e+06 1.46844e+06 8384 2.23514e+06 14149.3 81.1922 21665.7 26326.3 35900.2 35900.2
20902 9.45136e+07 3553173 3585900 4.61308e+07 1755558 1771481 4.68244e+07 1791534 1808280 4.64786e+07 1757308 1773521 4.64767e+07 1756719 1772864 4.65459e+06 2.30419e+06 7934 2.34246e+06 22374.8 77.088 22700.3 41915.2 41877.3 19177
20916 3.79238e+07 1424485 1438445 0 0 0 3.73629e+07 1424485 1438445 1.86818e+07 704911 711845 1.86811e+07 703764 710645 1.86942e+06 0 0 1.86942e+06 0 0 18098.8 0 0 0
20917 3.80596e+07 1427266 1440354 0 0 0 3.74966e+07 1427266 1440354 1.87477e+07 706049 712487 1.8749e+07 705320 711817 1.8746e+06 0 0 1.8746e+06 0 0 18185.4 0 0 0
20918 3.0728e+07 1164179 1175995 0 0 0 3.02736e+07 1164179 1175995 1.51369e+07 576273 582127 1.51367e+07 574920 580742 1.50408e+06 0 0 1.50408e+06 0 0 14654.9 0 0 0
20919 9.50172e+06 360686 364387 0 0 0 9.36117e+06 360686 364387 4.68057e+06 178220 180028 4.6806e+06 178397 180251 465232 0 0 465232 0 0 4530.05 0 0 0
20920 9.44387e+07 3559374 3594055 0 0 0 9.3042e+07 3559374 3594055 4.65215e+07 1761475 1778602 4.65204e+07 1758454 1775647 4.62601e+06 0 0 4.62601e+06 0 0 45081.6 0 0 0
20921 4.26153e+07 1606251 1621389 0 0 0 4.19849e+07 1606251 1621389 2.09917e+07 795211 802635 2.09932e+07 793206 800758 2.0878e+06 0 0 2.0878e+06 0 0 20350 0 0 0
20922 0 0 0 0 0 0 0 0 0 0 0 0 0 0 0 0 0 0 0 0 0 0 0 0 0
20923 4.46151e+06 165771 167240 4.39548e+06 165771 167240 0 0 0 2.19855e+06 82168 82940 2.19694e+06 81747 82426 217867 217867 0 0 2132.62 0 0 0 0 0
20924 9.49408e+07 3550304 3584391 4.61355e+07 1753615 1770986 4.7319e+07 1793588 1810257 4.67268e+07 1755443 1772172 4.67277e+07 1755353 1772315 4.64343e+06 2.28858e+06 4023 2.35083e+06 22346.7 39.1515 22944 34733.5 34733.5 11789.6
20925 9.4814e+07 3554246 3588955 4.97351e+07 1889627 1907761 4.3512e+07 1658475 1674996 4.66267e+07 1757102 1774203 4.66204e+07 1757447 1774680 4.64518e+06 2.47009e+06 8097 2.167e+06 24102 79.2143 21074.4 29181.7 29141.9 8067.46
20926 9.46994e+07 3554817 3589380 4.72866e+07 1802379 1820102 4.58512e+07 1746330 1763116 4.65697e+07 1758960 1776048 4.65681e+07 1756247 1773336 4.64042e+06 2.35101e+06 7913 2.28149e+06 22906.6 77.2012 22221.8 27152.1 27112.8 4890.98
20927 7.61024e+07 2866910 2896797 3.77533e+07 1443084 1456913 3.70671e+07 1417866 1433875 3.74123e+07 1417635 1432486 3.7408e+07 1417474 1432161 3.73848e+06 1.88046e+06 7713 1.85031e+06 18298.1 75.5979 17910.5 20467 20429.4 2518.86
20928 9.49086e+07 3574622 3609668 4.32383e+07 1655587 1671996 5.0112e+07 1913066 1931650 4.66756e+07 1766718 1784081 4.66747e+07 1768186 1785508 4.65532e+06 2.1526e+06 7694 2.49502e+06 20939.8 74.6954 24279.2 19781.9 40721.7 40758.9
20931 9.47529e+07 3540189 3587850 6.45044e+07 2448573 2476598 2.86811e+07 1085384 1104940 4.65937e+07 1750104 1773809 4.65918e+07 1750798 1774225 4.63811e+06 3.20667e+06 8374 1.42307e+06 31166.9 79.7139 13700 29499.4 29459.9 22395.7
20938 5.84205e+07 2456979 2480887 4.36535e+07 1862681 1881042 1.37456e+07 587606 593092 2.87007e+07 1214583 1226378 2.86984e+07 1214875 1226722 2.86148e+06 2.16909e+06 7721 684652 21144 75.6398 6663.65 785.138 21929.1 21967.3
20949 9.38413e+07 3973647 4013995 4.16788e+07 1790043 1808474 5.05505e+07 2174026 2195853 4.6117e+07 1964337 1984472 4.61123e+07 1965050 1984813 4.57802e+06 2.06075e+06 10948 2.50628e+06 20166.4 107.89 24469.9 20680.9 40246.8 40282.6
20961 4.32515e+07 1830096 1849344 3.78197e+07 1624827 1642177 4.71276e+06 201925 203792 2.12664e+07 904495 914116 2.12661e+07 905192 914600 2.13226e+06 1.89156e+06 3929 236769 18286.1 38.0723 2285.94 0 18286.1 18324.1
20962 9.45901e+07 3983276 4028617 5.26429e+07 2247631 2274997 4.04606e+07 1731948 1749870 4.65526e+07 1968892 1991051 4.6551e+07 1969909 1992570 4.65834e+06 2.62798e+06 4269 2.02598e+06 25385.9 41.1553 19575.4 30387.2 30383.7 10808.2
20963 9.46198e+07 3978419 4027258 3.3078e+07 1409128 1426510 5.99019e+07 2559115 2590471 4.64907e+07 1965910 1989830 4.64892e+07 1968356 1992721 4.6514e+06 1.64894e+06 11999 2.99046e+06 15944.8 117.047 28879.9 44313.7 44274.3 24968.5
20964 9.52249e+07 4000465 4040202 4.96391e+07 2112717 2134014 4.40113e+07 1880735 1899103 4.68252e+07 1978240 1997872 4.68252e+07 1977900 1997585 4.6909e+06 2.4797e+06 8182 2.20302e+06 24031.9 79.8777 21319.9 31985.2 31945.4 10625.5
20965 9.00863e+07 3778953 3821268 4.13153e+07 1754372 1774142 4.7196e+07 2014265 2036716 4.4258e+07 1868570 1889433 4.42532e+07 1868632 1889611 4.41403e+06 2.0465e+06 12113 2.35541e+06 19959.9 118.223 22805.8 23342.1 42125.9 42165.3
20966 9.6011e+07 3996505 4035763 4.16538e+07 1760745 1778930 5.27735e+07 2228829 2249843 4.72152e+07 1976664 1996287 4.72121e+07 1975539 1994739 4.67903e+06 2.05933e+06 8081 2.61161e+06 20162.2 78.8668 25583.7 9084.51 29246.7 29286.4
20967 9.59233e+07 3993879 4031685 4.74808e+07 2003613 2022340 4.69428e+07 1986948 2005973 4.72129e+07 1975006 1993668 4.72107e+07 1974832 1993535 4.67623e+06 2.34608e+06 3790 2.32636e+06 23022.7 38.7464 22749.1 4985.13 28007.9 28007.9
20969 9.57814e+07 3992299 4030868 4.79217e+07 2027307 2047247 4.62821e+07 1958283 1976848 4.71038e+07 1973837 1992775 4.71e+07 1974167 1993364 4.66889e+06 2.36908e+06 7973 2.29184e+06 23212.8 79.218 22433.3 40963.7 40923.5 18490.2
20971 9.60585e+07 3995221 4033776 5.071e+07 2136198 2156304 4.37638e+07 1852144 1870532 4.72378e+07 1975198 1994307 4.7236e+07 1975792 1994819 4.68173e+06 2.50648e+06 8073 2.16718e+06 24582.5 79.568 21197.7 35161.8 35123.5 13925.8
20972 9.54735e+07 3982991 4021731 4.83017e+07 2042522 2062791 4.5603e+07 1933844 1952251 4.69539e+07 1967803 1986891 4.69507e+07 1970991 1990197 4.65243e+06 2.38746e+06 7906 2.25706e+06 23393.6 76.7861 22099.9 31158 31119.5 9019.65
20973 9.60935e+07 3989957 4035815 5.70943e+07 2404229 2427301 3.74095e+07 1578616 1601319 4.72532e+07 1973296 1996237 4.72506e+07 1972802 1995205 4.68132e+06 2.82358e+06 8246 1.84949e+06 27671.8 80.6027 17967.7 13935.4 37629.5 37669.4
20975 4.1956e+07 1750471 1770000 7.1614e+06 302117 304874 3.40908e+07 1444900 1461641 2.06248e+07 865587 875329 2.06275e+07 865574 875146 2.04614e+06 354433 4079 1.68763e+06 3473.91 40.0674 16458.2 0 3473.91 3513.98
20976 9.62407e+07 4002949 4040222 4.93061e+07 2078968 2098031 4.53477e+07 1916891 1935044 4.7327e+07 1978554 1996850 4.73267e+07 1979971 1998528 4.6934e+06 2.43904e+06 8286 2.24606e+06 23918.7 79.4662 21982.6 18010.3 41929.3 41968.6
20977 9.55271e+07 3986808 4028247 4.09022e+07 1731445 1749393 5.30549e+07 2248623 2272048 4.69775e+07 1971722 1992039 4.69796e+07 1971142 1991806 4.65809e+06 2.02259e+06 7895 2.6276e+06 19792.9 76.1877 25671.5 15303 35095.8 35135.2
20978 2.80537e+07 1168441 1179477 1.45385e+07 614242 619856 1.30193e+07 550808 556199 1.37789e+07 577413 582973 1.37789e+07 578161 583513 1.37057e+06 721130 4011 645427 7052.05 39.4158 6306.01 6345.43 6306.01 0
20979 9.5389e+07 3982442 4024166 5.20413e+07 2203622 2227196 4.17797e+07 1772234 1790318 4.69134e+07 1969903 1990520 4.69075e+07 1968207 1988845 4.66768e+06 2.58351e+06 7750 2.07642e+06 25172.4 76.6052 20223.2 29291 29252.5 9029.32
20980 4.29836e+07 1794031 1819898 2.96752e+06 121291 129445 3.93798e+07 1672717 1690409 2.11739e+07 886929 899804 2.11735e+07 887358 900068 2.10064e+06 141756 0 1.95889e+06 1288.38 0 19049 0 1288.38 1288.38
20982 9.61122e+07 3989335 4033058 4.91507e+07 2068885 2094029 4.53727e+07 1913421 1931933 4.72636e+07 1972325 1993976 4.72599e+07 1972871 1994466 4.69581e+06 2.43425e+06 8216 2.25335e+06 23711.7 81.0392 21986.9 33431.7 33391.1 11404.1
20983 3.64352e+07 854843 861887 2.52712e+07 601847 606951 1.04785e+07 249535 251452 1.7876e+07 422273 425712 1.78737e+07 423162 426682 1.7737e+06 1.24824e+06 7199 518267 12277.5 71.1934 5098.95 5170.15 5098.95 0
20984 2.77881e+07 650570 655178 2.73766e+07 650570 655178 0 0 0 1.36896e+07 321789 324012 1.3687e+07 321554 323893 1.3524e+06 1.3524e+06 0 0 13339.5 0 0 0 0 0
20985 2.78235e+07 651958 656544 0 0 0 2.74119e+07 651958 656544 1.37075e+07 322847 325107 1.37043e+07 321945 324220 1.35536e+06 0 0 1.35536e+06 0 0 13353.7 0 0 0
20986 2.80414e+07 659621 665880 1.33506e+07 318486 321021 1.42638e+07 340837 344548 1.38064e+07 325876 328898 1.3808e+07 326261 329433 1.36595e+06 659573 580 705793 6493.56 5.28208 6891.65 6896.93 6891.65 0
20988 2.79864e+07 654327 659149 2.7572e+07 654327 659149 0 0 0 1.37848e+07 323220 325617 1.37872e+07 323911 326269 1.36106e+06 1.36106e+06 0 0 13426.4 0 0 0 0 0
20989 2.77585e+07 649567 653978 1.73653e+06 41618 41927 2.54653e+07 604501 608578 1.36013e+07 321211 323412 1.36005e+07 321136 323284 1.35243e+06 86190 7048 1.25898e+06 845.34 69.5718 12417.6 0 845.34 917.027
20990 3.15115e+07 737672 742898 0 0 0 3.10452e+07 737672 742898 1.5523e+07 365408 368021 1.55222e+07 364076 366634 1.53422e+06 0 0 1.53422e+06 0 0 15127.2 0 0 0
20991 3.16086e+07 741536 746760 1.91298e+07 455314 458619 1.18662e+07 282787 284685 1.54961e+07 366773 369365 1.54998e+07 366583 369167 1.54174e+06 946236 7338 588166 9318.39 72.2242 5783.94 5856.17 5783.94 0
20992 3.15187e+07 737761 742819 3.1052e+07 737761 742819 0 0 0 1.5524e+07 364793 367280 1.5528e+07 364606 367117 1.53511e+06 1.53511e+06 0 0 15140.3 0 0 0 0 0
20993 3.32278e+07 778802 787009 0 0 0 3.27362e+07 778802 787009 1.63692e+07 384594 388627 1.6367e+07 385515 389593 1.61852e+06 0 0 1.61852e+06 0 0 15836.6 0 0 0
20994 3.32616e+07 777928 783710 3.24711e+07 770790 776525 149575 3570 3595 1.63116e+07 384520 387388 1.63091e+07 384762 387608 1.61889e+06 1.60418e+06 7350 7359 15813.1 71.4556 72.1406 143.596 72.1406 0
20995 9.57332e+07 3990863 4029200 4.59834e+07 1944862 1963373 4.82524e+07 2042560 2062334 4.71181e+07 1973448 1992432 4.71177e+07 1973180 1992119 4.68329e+06 2.2822e+06 4014 2.39708e+06 22287.9 38.4185 23379.6 20639.6 42927.5 42927.2
21001 7.90283e+07 1889256 1919292 3.2975e+07 799739 813424 4.47684e+07 1086734 1103036 3.88703e+07 934050 948829 3.88731e+07 934156 949083 3.85948e+06 1.63357e+06 5444 2.22047e+06 15941.1 53.529 21691.6 34240.2 34223.1 12531.4
21002 9.56631e+07 3990321 4028397 5.02571e+07 2126897 2146646 4.38323e+07 1856721 1874991 4.70439e+07 1970820 1989673 4.70456e+07 1975024 1993798 4.67285e+06 2.49097e+06 7846 2.17404e+06 24370.1 76.5588 21231.5 33976.3 33937.2 12705.7
21003 4.68949e+07 1952044 1974945 1.69425e+07 716867 724005 2.91777e+07 1231767 1247500 2.30609e+07 965494 976712 2.30593e+07 964805 976223 2.29233e+06 841025 3986 1.44732e+06 8205.18 39.1485 14057.2 0 8205.18 8244.33
21004 4.23546e+07 1763390 1782390 3.06468e+07 1295597 1309885 1.09996e+07 464313 468993 2.08235e+07 872468 881840 2.08229e+07 871470 880881 2.06893e+06 1.51956e+06 4126 545243 14811 39.9274 5327.56 0 14811 14851
21005 9.55888e+07 3987173 4026170 5.10629e+07 2158978 2179730 4.29501e+07 1821357 1839544 4.70084e+07 1971091 1990256 4.70046e+07 1971646 1991024 4.67822e+06 2.53382e+06 7994 2.1364e+06 24749.6 77.9637 20797.8 32225.3 32186.5 11388.7
21006 9.33518e+07 3894891 3941310 4.4125e+07 1869252 1891524 4.77204e+07 2020220 2044294 4.59237e+07 1926669 1949472 4.59216e+07 1925042 1948153 4.56607e+06 2.18956e+06 6268 2.37024e+06 21291.7 59.961 23024.8 23201.1 44418.2 44418
 
