20891 5.28854e+06 120495 122503 0 0 0 5.21031e+06 120495 122503 2.60544e+06 59668 60621 2.60486e+06 59478 60508 258426 0 0 258426 0 0 2534.08 0 0 0
20893 4.00802e+07 908419 923681 3.94869e+07 908419 923681 0 0 0 1.97433e+07 449206 456846 1.97436e+07 449160 456612 1.94796e+06 1.94796e+06 0 0 19205.2 0 0 0 0 0
20894 3.34648e+07 762464 781690 7.48306e+06 172394 176687 2.54862e+07 590063 604973 1.6484e+07 377169 386654 1.64852e+07 376927 386480 1.62589e+06 368503 60 1.25733e+06 3609.49 -0.489883 12286.5 0 3609.49 3609
20895 9.64191e+07 3536614 3570047 3.79085e+07 1407072 1423619 5.6822e+07 2119893 2136712 4.73666e+07 1749179 1765737 4.73639e+07 1748304 1764804 4.68769e+06 1.8667e+06 12820 2.80818e+06 18265.7 127.385 27557.1 40858.6 40816.9 17294.4
20896 1.29831e+07 473855 479120 1.27909e+07 473855 479120 0 0 0 6.39633e+06 233941 236554 6.39456e+06 234728 237322 630695 630695 0 0 6170.19 0 0 0 0 0
20900 256724 7668 13188 0 0 0 252895 7668 13188 125602 3844 6543 127293 3740 6493 9119 0 0 9119 0 0 5.56456 0 0 0
20901 7.55679e+07 2832090 2867751 2.9542e+07 1123610 1142157 4.47422e+07 1702216 1719247 3.71427e+07 1399580 1417427 3.71415e+07 1401332 1418752 3.71196e+06 1.46844e+06 8384 2.23514e+06 14149.3 81.1922 21665.7 26326.3 35900.2 35900.2
20918 3.0728e+07 1164179 1175995 0 0 0 3.02736e+07 1164179 1175995 1.51369e+07 576273 582127 1.51367e+07 574920 580742 1.50408e+06 0 0 1.50408e+06 0 0 14654.9 0 0 0
20919 9.50172e+06 360686 364387 0 0 0 9.36117e+06 360686 364387 4.68057e+06 178220 180028 4.6806e+06 178397 180251 465232 0 0 465232 0 0 4530.05 0 0 0
20922 0 0 0 0 0 0 0 0 0 0 0 0 0 0 0 0 0 0 0 0 0 0 0 0 0
20923 4.46151e+06 165771 167240 4.39548e+06 165771 167240 0 0 0 2.19855e+06 82168 82940 2.19694e+06 81747 82426 217867 217867 0 0 2132.62 0 0 0 0 0
20924 9.49408e+07 3550304 3584391 4.61355e+07 1753615 1770986 4.7319e+07 1793588 1810257 4.67268e+07 1755443 1772172 4.67277e+07 1755353 1772315 4.64343e+06 2.28858e+06 4023 2.35083e+06 22346.7 39.1515 22944 34733.5 34733.5 11789.6
20925 9.4814e+07 3554246 3588955 4.97351e+07 1889627 1907761 4.3512e+07 1658475 1674996 4.66267e+07 1757102 1774203 4.66204e+07 1757447 1774680 4.64518e+06 2.47009e+06 8097 2.167e+06 24102 79.2143 21074.4 29181.7 29141.9 8067.46
20926 9.46994e+07 3554817 3589380 4.72866e+07 1802379 1820102 4.58512e+07 1746330 1763116 4.65697e+07 1758960 1776048 4.65681e+07 1756247 1773336 4.64042e+06 2.35101e+06 7913 2.28149e+06 22906.6 77.2012 22221.8 27152.1 27112.8 4890.98
20928 9.49086e+07 3574622 3609668 4.32383e+07 1655587 1671996 5.0112e+07 1913066 1931650 4.66756e+07 1766718 1784081 4.66747e+07 1768186 1785508 4.65532e+06 2.1526e+06 7694 2.49502e+06 20939.8 74.6954 24279.2 19781.9 40721.7 40758.9
20931 9.47529e+07 3540189 3587850 6.45044e+07 2448573 2476598 2.86811e+07 1085384 1104940 4.65937e+07 1750104 1773809 4.65918e+07 1750798 1774225 4.63811e+06 3.20667e+06 8374 1.42307e+06 31166.9 79.7139 13700 29499.4 29459.9 22395.7
20938 5.84205e+07 2456979 2480887 4.36535e+07 1862681 1881042 1.37456e+07 587606 593092 2.87007e+07 1214583 1226378 2.86984e+07 1214875 1226722 2.86148e+06 2.16909e+06 7721 684652 21144 75.6398 6663.65 785.138 21929.1 21967.3
20962 9.45901e+07 3983276 4028617 5.26429e+07 2247631 2274997 4.04606e+07 1731948 1749870 4.65526e+07 1968892 1991051 4.6551e+07 1969909 1992570 4.65834e+06 2.62798e+06 4269 2.02598e+06 25385.9 41.1553 19575.4 30387.2 30383.7 10808.2
20963 9.46198e+07 3978419 4027258 3.3078e+07 1409128 1426510 5.99019e+07 2559115 2590471 4.64907e+07 1965910 1989830 4.64892e+07 1968356 1992721 4.6514e+06 1.64894e+06 11999 2.99046e+06 15944.8 117.047 28879.9 44313.7 44274.3 24968.5
20964 9.52249e+07 4000465 4040202 4.96391e+07 2112717 2134014 4.40113e+07 1880735 1899103 4.68252e+07 1978240 1997872 4.68252e+07 1977900 1997585 4.6909e+06 2.4797e+06 8182 2.20302e+06 24031.9 79.8777 21319.9 31985.2 31945.4 10625.5
20967 9.59233e+07 3993879 4031685 4.74808e+07 2003613 2022340 4.69428e+07 1986948 2005973 4.72129e+07 1975006 1993668 4.72107e+07 1974832 1993535 4.67623e+06 2.34608e+06 3790 2.32636e+06 23022.7 38.7464 22749.1 4985.13 28007.9 28007.9
20969 9.57814e+07 3992299 4030868 4.79217e+07 2027307 2047247 4.62821e+07 1958283 1976848 4.71038e+07 1973837 1992775 4.71e+07 1974167 1993364 4.66889e+06 2.36908e+06 7973 2.29184e+06 23212.8 79.218 22433.3 40963.7 40923.5 18490.2
20971 9.60585e+07 3995221 4033776 5.071e+07 2136198 2156304 4.37638e+07 1852144 1870532 4.72378e+07 1975198 1994307 4.7236e+07 1975792 1994819 4.68173e+06 2.50648e+06 8073 2.16718e+06 24582.5 79.568 21197.7 35161.8 35123.5 13925.8
20972 9.54735e+07 3982991 4021731 4.83017e+07 2042522 2062791 4.5603e+07 1933844 1952251 4.69539e+07 1967803 1986891 4.69507e+07 1970991 1990197 4.65243e+06 2.38746e+06 7906 2.25706e+06 23393.6 76.7861 22099.9 31158 31119.5 9019.65
20978 2.80537e+07 1168441 1179477 1.45385e+07 614242 619856 1.30193e+07 550808 556199 1.37789e+07 577413 582973 1.37789e+07 578161 583513 1.37057e+06 721130 4011 645427 7052.05 39.4158 6306.01 6345.43 6306.01 0
20979 9.5389e+07 3982442 4024166 5.20413e+07 2203622 2227196 4.17797e+07 1772234 1790318 4.69134e+07 1969903 1990520 4.69075e+07 1968207 1988845 4.66768e+06 2.58351e+06 7750 2.07642e+06 25172.4 76.6052 20223.2 29291 29252.5 9029.32
20982 9.61122e+07 3989335 4033058 4.91507e+07 2068885 2094029 4.53727e+07 1913421 1931933 4.72636e+07 1972325 1993976 4.72599e+07 1972871 1994466 4.69581e+06 2.43425e+06 8216 2.25335e+06 23711.7 81.0392 21986.9 33431.7 33391.1 11404.1
20984 2.77881e+07 650570 655178 2.73766e+07 650570 655178 0 0 0 1.36896e+07 321789 324012 1.3687e+07 321554 323893 1.3524e+06 1.3524e+06 0 0 13339.5 0 0 0 0 0
20985 2.78235e+07 651958 656544 0 0 0 2.74119e+07 651958 656544 1.37075e+07 322847 325107 1.37043e+07 321945 324220 1.35536e+06 0 0 1.35536e+06 0 0 13353.7 0 0 0
20988 2.79864e+07 654327 659149 2.7572e+07 654327 659149 0 0 0 1.37848e+07 323220 325617 1.37872e+07 323911 326269 1.36106e+06 1.36106e+06 0 0 13426.4 0 0 0 0 0
20990 3.15115e+07 737672 742898 0 0 0 3.10452e+07 737672 742898 1.5523e+07 365408 368021 1.55222e+07 364076 366634 1.53422e+06 0 0 1.53422e+06 0 0 15127.2 0 0 0
20992 3.15187e+07 737761 742819 3.1052e+07 737761 742819 0 0 0 1.5524e+07 364793 367280 1.5528e+07 364606 367117 1.53511e+06 1.53511e+06 0 0 15140.3 0 0 0 0 0
20993 3.32278e+07 778802 787009 0 0 0 3.27362e+07 778802 787009 1.63692e+07 384594 388627 1.6367e+07 385515 389593 1.61852e+06 0 0 1.61852e+06 0 0 15836.6 0 0 0
21002 9.56631e+07 3990321 4028397 5.02571e+07 2126897 2146646 4.38323e+07 1856721 1874991 4.70439e+07 1970820 1989673 4.70456e+07 1975024 1993798 4.67285e+06 2.49097e+06 7846 2.17404e+06 24370.1 76.5588 21231.5 33976.3 33937.2 12705.7
21003 4.68949e+07 1952044 1974945 1.69425e+07 716867 724005 2.91777e+07 1231767 1247500 2.30609e+07 965494 976712 2.30593e+07 964805 976223 2.29233e+06 841025 3986 1.44732e+06 8205.18 39.1485 14057.2 0 8205.18 8244.33
21005 9.55888e+07 3987173 4026170 5.10629e+07 2158978 2179730 4.29501e+07 1821357 1839544 4.70084e+07 1971091 1990256 4.70046e+07 1971646 1991024 4.67822e+06 2.53382e+06 7994 2.1364e+06 24749.6 77.9637 20797.8 32225.3 32186.5 11388.7
 
