20890 2 8 16777215 16777215 65535 65535 65535 100 
20891 2 8 16777215 16777215 65535 65535 65535 100 
20893 2 8 16777215 16777215 65535 65535 65535 100 
20894 2 8 16777215 16777215 65535 65535 65535 100 
20895 1 16 16777215 16777215 65535 65535 65535 100 
20896 1 16 16777215 16777215 65535 65535 65535 100 
20899 1 10 16777215 16777215 65535 65535 65535 100 
20900 1 10 16777215 16777215 65535 65535 65535 100 
20901 1 10 16777215 16777215 65535 65535 65535 100 
20902 1 10 16777215 16777215 65535 65535 65535 100 
20916 1 10 16777215 16777215 65535 65535 65535 100 
20917 1 10 16777215 16777215 65535 65535 65535 100 
20918 1 10 16777215 16777215 65535 65535 65535 100 
20919 1 10 16777215 16777215 65535 65535 65535 100 
20920 1 10 16777215 16777215 65535 65535 65535 100 
20921 1 10 16777215 16777215 65535 65535 65535 100 
20922 1 10 16777215 16777215 65535 65535 65535 100 
20923 1 10 16777215 16777215 65535 65535 65535 100 
20924 1 10 16777215 16777215 65535 65535 65535 100 
20925 1 10 16777215 16777215 65535 65535 65535 100 
20926 1 10 16777215 16777215 65535 65535 65535 100 
20927 1 10 16777215 16777215 65535 65535 65535 100 
20928 1 10 16777215 16777215 65535 65535 65535 100 
20931 1 10 16777215 16777215 65535 65535 65535 100 
20938 1 10 16777215 16777215 65535 65535 65535 100 
20949 1 10 16777215 16777215 65535 65535 65535 100 
20961 1 10 16777215 16777215 65535 65535 65535 100 
20962 1 10 16777215 16777215 65535 65535 65535 100 
20963 1 10 16777215 16777215 65535 65535 65535 100 
20964 1 10 16777215 16777215 65535 65535 65535 100 
20965 1 10 16777215 16777215 65535 65535 65535 100 
20966 1 10 16777215 16777215 65535 65535 65535 100 
20967 1 10 16777215 16777215 65535 65535 65535 100 
20968 1 10 16777215 16777215 65535 65535 65535 100 
20969 1 10 16777215 16777215 65535 65535 65535 100 
20971 1 10 16777215 16777215 65535 65535 65535 100 
20972 1 10 16777215 16777215 65535 65535 65535 100 
20973 1 10 16777215 16777215 65535 65535 65535 100 
20975 1 10 16777215 16777215 65535 65535 65535 100 
20976 1 10 16777215 16777215 65535 65535 65535 100 
20977 1 10 16777215 16777215 65535 65535 65535 100 
20978 1 10 16777215 16777215 65535 65535 65535 100 
20979 1 10 16777215 16777215 65535 65535 65535 100 
20980 1 10 16777215 16777215 65535 65535 65535 100 
20982 1 10 16777215 16777215 65535 65535 65535 100 
20983 2 20 16777215 16777215 65535 65535 65535 200 
20984 2 20 16777215 16777215 65535 65535 65535 200 
20985 2 20 16777215 16777215 65535 65535 65535 200 
20986 2 20 16777215 16777215 65535 65535 65535 200 
20988 2 20 16777215 16777215 65535 65535 65535 200 
20989 2 20 16777215 16777215 65535 65535 65535 200 
20990 2 20 16777215 16777215 65535 65535 65535 200 
20991 2 20 16777215 16777215 65535 65535 65535 200 
20992 2 20 16777215 16777215 65535 65535 65535 200 
20993 2 20 16777215 16777215 65535 65535 65535 200 
20994 2 20 16777215 16777215 65535 65535 65535 200 
20995 1 10 16777215 16777215 65535 65535 65535 100 
21001 2 20 16777215 16777215 65535 65535 65535 100 
21002 1 10 16777215 16777215 65535 65535 65535 100 
21003 1 10 16777215 16777215 65535 65535 65535 100 
21004 1 10 16777215 16777215 65535 65535 65535 100 
21005 1 10 16777215 16777215 65535 65535 65535 100 
21006 1 10 16777215 16777215 65535 65535 65535 100 
