Dataset:      Vertical 3He, Q2=0.5
Runs:   20890-21006
Run #	Bin3Up	Bin3Down	Tup	Tdn	BGLup	BGLdn	BGRup	BGRdn	RSup	RSdn	RBG
20890 172 1038 619 4920 5165 44495 4744 40221 27.355999999999995 27.355999999999995 699.99999999999989
20891 0 201 0 786 0 6729 0 6096 27.355999999999995 27.355999999999995 699.99999999999989
20893 1449 0 5802 0 49743 0 45399 0 27.355999999999995 27.355999999999995 699.99999999999989
20894 280 899 1105 3752 9525 32630 8579 29645 27.355999999999995 27.355999999999995 699.99999999999989
20895 3428 4240 10496 14965 80647 122116 73472 111833 27.355999999999995 27.355999999999995 699.99999999999989
20896 1084 0 3478 0 27285 0 24955 0 27.355999999999995 27.355999999999995 699.99999999999989
20899 0 354 0 1092 0 8315 0 7788 27.355999999999995 27.355999999999995 699.99999999999989
20900 0 8 0 22 0 209 0 209 27.355999999999995 27.355999999999995 699.99999999999989
20901 2729 3686 8390 12317 64415 98057 58999 90568 27.355999999999995 27.355999999999995 699.99999999999989
20902 3971 3729 12884 12870 100759 104028 93419 95448 27.355999999999995 27.355999999999995 699.99999999999989
20916 0 3080 0 10325 0 82332 0 75702 27.355999999999995 27.355999999999995 699.99999999999989
20917 0 2762 0 10058 0 82804 0 75980 27.355999999999995 27.355999999999995 699.99999999999989
20918 0 2603 0 8546 0 67210 0 62202 27.355999999999995 27.355999999999995 699.99999999999989
20919 0 671 0 2516 0 21233 0 19100 27.355999999999995 27.355999999999995 699.99999999999989
20920 0 7330 0 25522 0 207240 0 189220 27.355999999999995 27.355999999999995 699.99999999999989
20921 0 3403 0 11608 0 92854 0 86134 27.355999999999995 27.355999999999995 699.99999999999989
20922 4729 3315 13735 12324 102596 102612 94487 94015 27.355999999999995 27.355999999999995 699.99999999999989
20923 442 0 1285 0 9551 0 8920 0 27.355999999999995 27.355999999999995 699.99999999999989
20924 4139 3620 13031 12722 100774 103074 93000 95620 27.355999999999995 27.355999999999995 699.99999999999989
20925 4666 3623 14257 12032 109132 96024 100295 87612 27.355999999999995 27.355999999999995 699.99999999999989
20926 4693 3866 13846 12728 104311 101499 95288 92374 27.355999999999995 27.355999999999995 699.99999999999989
20927 3519 3091 10869 10276 83839 81565 76825 75404 27.355999999999995 27.355999999999995 699.99999999999989
20928 4104 4096 12528 13852 95636 111249 87877 101828 27.355999999999995 27.355999999999995 699.99999999999989
20931 5739 2221 18129 7687 141047 62227 128867 56949 27.355999999999995 27.355999999999995 699.99999999999989
20938 4635 1244 14094 4250 107285 33791 99564 31661 27.355999999999995 27.355999999999995 699.99999999999989
20949 0 0 0 0 0 0 0 0 27.355999999999995 27.355999999999995 699.99999999999989
20961 6399 4099 17352 13519 124725 107138 114335 98509 27.355999999999995 27.355999999999995 699.99999999999989
20962 6471 3787 17931 12670 130015 100545 119359 92662 27.355999999999995 27.355999999999995 699.99999999999989
20963 3693 6681 10875 19719 81874 148151 75585 136175 27.355999999999995 27.355999999999995 699.99999999999989
20964 5367 3973 16119 13558 122216 109212 112352 100289 27.355999999999995 27.355999999999995 699.99999999999989
20965 4896 4262 13842 14546 101784 117187 93118 107523 27.355999999999995 27.355999999999995 699.99999999999989
20966 4355 4316 13307 15716 101860 130007 93372 118650 27.355999999999995 27.355999999999995 699.99999999999989
20967 4854 4378 15045 14500 116175 114898 106139 106132 27.355999999999995 27.355999999999995 699.99999999999989
20968 5167 3962 16369 13049 127374 103583 116950 95013 27.355999999999995 27.355999999999995 699.99999999999989
20969 5100 3932 15426 13919 116739 113802 108257 104352 27.355999999999995 27.355999999999995 699.99999999999989
20971 5350 3691 16198 13144 123367 107625 113151 98577 27.355999999999995 27.355999999999995 699.99999999999989
20972 5184 4136 15594 14018 118608 112160 108757 103555 27.355999999999995 27.355999999999995 699.99999999999989
20973 5595 3449 17832 11438 140018 91053 127614 83934 27.355999999999995 27.355999999999995 699.99999999999989
20975 5534 3736 17144 12277 131905 97524 120909 88900 27.355999999999995 27.355999999999995 699.99999999999989
20976 4957 4067 15481 13814 119933 110731 109936 101419 27.355999999999995 27.355999999999995 699.99999999999989
20977 4497 4901 13284 16310 100037 129708 91350 119162 27.355999999999995 27.355999999999995 699.99999999999989
20978 1495 1145 4612 3962 35680 32239 32374 29235 27.355999999999995 27.355999999999995 699.99999999999989
20979 5294 3563 16490 12548 127301 102412 116599 93237 27.355999999999995 27.355999999999995 699.99999999999989
20980 293 3650 878 12155 6790 96746 6175 89053 27.355999999999995 27.355999999999995 699.99999999999989
20982 4926 3975 15423 13692 119723 110363 109244 101541 27.355999999999995 27.355999999999995 699.99999999999989
20983 889 308 3682 1472 32026 13330 29198 12109 27.355999999999995 27.355999999999995 699.99999999999989
20984 808 0 3817 0 34854 0 30852 0 27.355999999999995 27.355999999999995 699.99999999999989
20985 0 654 0 3669 0 34822 0 31190 27.355999999999995 27.355999999999995 699.99999999999989
20986 387 401 1860 1991 16938 18214 15329 16586 27.355999999999995 27.355999999999995 699.99999999999989
20988 875 0 3884 0 34766 0 31092 0 27.355999999999995 27.355999999999995 699.99999999999989
20989 74 571 260 3358 2163 32197 1959 28788 27.355999999999995 27.355999999999995 699.99999999999989
20990 0 732 0 4116 0 38904 0 34890 27.355999999999995 27.355999999999995 699.99999999999989
20991 573 234 2673 1527 24026 15019 21894 13465 27.355999999999995 27.355999999999995 699.99999999999989
20992 709 0 4090 0 39065 0 35081 0 27.355999999999995 27.355999999999995 699.99999999999989
20993 0 739 0 4321 0 41275 0 37168 27.355999999999995 27.355999999999995 699.99999999999989
20994 845 9 4376 24 40892 175 36836 152 27.355999999999995 27.355999999999995 699.99999999999989
20995 4760 4284 14669 14658 112382 118003 104022 108187 27.355999999999995 27.355999999999995 699.99999999999989
21001 1962 2051 5793 7316 43605 60087 39664 54847 27.355999999999995 27.355999999999995 699.99999999999989
21002 5078 4009 15866 13438 122790 107723 112495 98096 27.355999999999995 27.355999999999995 699.99999999999989
21003 1889 2390 5510 8615 41041 70976 38051 64977 27.355999999999995 27.355999999999995 699.99999999999989
21004 5111 4113 15368 14046 117129 112983 107320 103635 27.355999999999995 27.355999999999995 699.99999999999989
21005 5551 3577 16507 12859 124900 105268 114075 97099 27.355999999999995 27.355999999999995 699.99999999999989
21006 4865 4141 14372 14428 108110 117002 98815 107655 27.355999999999995 27.355999999999995 699.99999999999989
