20890 43964 381094 1104 10060 11391 99818 22232 191262 9237 79954
20891 0 57198 0 1489 0 14926 0 28951 0 11832
20893 430058 0 11132 0 112364 0 216559 0 90003 0
20894 81360 277924 2107 7111 21037 72267 41069 140561 17147 57985
20895 690185 1042686 18194 27348 179949 271434 347768 526092 144274 217812
20896 233132 0 6049 0 60855 0 117554 0 48674 0
20899 0 71388 0 2028 0 19058 0 36102 0 14200
20900 0 1757 0 47 0 464 0 885 0 361
20901 551209 837749 14341 21854 144123 218808 277086 421995 115659 175092
20902 865044 884101 22435 22806 225547 230935 436118 445538 180944 184820
20916 0 703466 0 18109 0 182327 0 353682 0 149348
20917 0 705015 0 18408 0 184202 0 355315 0 147090
20918 0 574836 0 14990 0 149626 0 289312 0 120907
20919 0 177856 0 4629 0 46363 0 89523 0 37341
20920 0 1756147 0 45528 0 458901 0 885109 0 366608
20921 0 793027 0 20708 0 207230 0 399419 0 165670
20922 876648 874515 22444 23050 229107 228553 441952 440420 183144 182492
20923 81968 0 2176 0 21360 0 41345 0 17087 0
20924 863999 884260 22634 23095 225207 231441 435011 445204 181147 184520
20925 931828 818023 23987 21003 243516 213998 469377 411370 194948 171652
20926 887680 861951 22983 22708 232316 225820 447029 433022 185352 180401
20927 711127 697167 18382 18113 185725 182148 358845 351061 148175 145845
20928 815392 942850 21255 24481 213331 246226 410342 475010 170463 197133
20931 1203667 531045 31418 13654 314346 138763 606170 267150 251733 111478
20938 917896 290097 23867 7689 240154 75542 462014 145995 191861 60871
20949 0 0 0 0 0 0 0 0 0 0
20961 1055954 910310 27097 23576 274309 237567 532950 459032 221598 190135
20962 1105541 853828 28118 21892 286026 221982 558433 431113 232964 178841
20963 693284 1258345 18175 33285 181609 328139 349599 634712 143901 262209
20964 1041641 926297 26717 23911 270643 241818 525610 465931 218671 194637
20965 863787 990865 22181 25475 224689 257945 435239 499755 181678 207690
20966 867147 1097419 22465 28392 225926 285986 436682 552455 182074 230586
20967 986113 978513 25219 25483 257670 254775 496612 492611 206611 205644
20968 1081513 877835 27971 22646 281137 228534 544837 442227 227568 184428
20969 997868 964826 26048 25068 259760 251915 502664 485845 209395 201998
20971 1051527 911417 27458 23784 274192 237837 528599 459351 221278 190445
20972 1005703 951047 26220 24963 262569 247460 505985 479448 210929 199176
20973 1184278 773318 30718 20495 308054 200792 596610 389040 248896 162990
20975 1127196 827998 29415 21784 293543 216132 567595 416107 236643 173975
20976 1021725 942046 26787 24865 266210 245549 514599 474438 214129 197194
20977 852060 1105695 22116 29059 222524 288409 428236 555377 179184 232850
20978 302141 271334 7810 7218 79122 70797 152064 136645 63145 56674
20979 1083483 870503 28377 22675 283544 227763 544336 437547 227226 182518
20980 57176 822852 1528 21797 15103 215572 28587 413522 11958 171960
20982 1015977 941139 26601 24688 265266 245793 511538 473836 212572 196822
20983 281902 116972 7520 3142 73788 30647 141609 58882 58985 24301
20984 304222 0 8045 0 78779 0 153730 0 63668 0
20985 0 305066 0 8019 0 79831 0 153140 0 64076
20986 149186 158997 3885 4122 38928 41420 74899 79992 31474 33463
20988 305294 0 8175 0 79403 0 153668 0 64048 0
20989 19329 283203 509 7500 5098 73900 9688 142332 4034 59471
20990 0 345419 0 9148 0 90272 0 173092 0 72907
20991 212662 132088 5634 3492 55379 34141 107146 66408 44503 28047
20992 344655 0 9023 0 90298 0 172764 0 72570 0
20993 0 362350 0 9457 0 94508 0 182014 0 76371
20994 359933 1678 9625 56 94087 429 181006 821 75215 372
20995 955594 1002796 25158 26129 248888 261616 481488 505131 200060 209920
21001 372463 508167 9550 13297 97035 132252 187316 255327 78562 107291
21002 1044226 911280 27247 23939 272991 237970 525039 458506 218948 190865
21003 352641 603307 9129 15860 92377 158277 177146 302695 73989 126475
21004 994406 961335 25920 25366 259652 251070 500287 483406 208547 201493
21005 1060621 894378 27732 23346 277669 234188 533622 449983 221598 186861
21006 917464 991615 23789 26046 239485 259653 462120 498167 192070 207749
