20487 7 16777215 16777215 16777215 65535 65535 65535 65535 
20488 7 16777215 16777215 16777215 65535 65535 65535 65535 
20489 7 16777215 16777215 16777215 65535 65535 65535 65535 
20490 7 40 16777215 16777215 65535 65535 65535 65535 
20491 7 40 16777215 16777215 65535 65535 65535 65535 
20492 7 40 16777215 16777215 65535 65535 65535 65535 
20493 7 40 16777215 16777215 65535 65535 65535 65535 
20494 7 40 16777215 16777215 65535 65535 65535 65535 
20498 7 40 16777215 16777215 65535 65535 65535 65535 
20499 7 40 16777215 16777215 65535 65535 65535 65535 
20500 7 40 16777215 16777215 65535 65535 65535 65535 
20501 7 40 16777215 16777215 65535 65535 65535 65535 
20502 7 40 16777215 16777215 65535 65535 65535 65535 
20503 7 40 16777215 16777215 65535 65535 65535 65535 
20504 7 40 16777215 16777215 65535 65535 65535 65535 
20505 7 40 16777215 16777215 65535 65535 65535 65535 
20506 7 40 16777215 16777215 65535 65535 65535 65535 
20507 7 40 16777215 16777215 65535 65535 65535 65535 
20508 7 40 16777215 16777215 65535 65535 65535 65535 
20509 7 40 16777215 16777215 65535 65535 65535 65535 
20510 7 40 16777215 16777215 65535 65535 65535 65535 
20511 7 40 16777215 16777215 65535 65535 65535 65535 
