20487 6.47673e+07 4290919 4291156 3.26106e+07 2195203 2195326 3.11345e+07 2091659 2091773 3.18736e+07 2122033 2122159 3.18715e+07 2121086 2121196 3.0328e+07 1.55048e+07 28392 1.47948e+07 15776.4 28.7715 15049.7 0 15776.4 15805.2
20488 6.46466e+07 4269660 4269883 4.57159e+07 3059460 3059621 1.78171e+07 1199869 1199931 3.1768e+07 2111071 2111178 3.1765e+07 2111257 2111369 3.02864e+07 2.17336e+07 73103 8.47967e+06 22155.2 73.9434 8633.63 2037.01 24192.2 24228.7
20489 6.46827e+07 4286222 4286466 4.17062e+07 2803495 2803657 2.19375e+07 1477498 1477580 3.18222e+07 2118801 2118914 3.18216e+07 2119967 2120096 3.03103e+07 1.98339e+07 37361 1.0439e+07 20194.2 37.9713 10609.6 10647.6 10609.6 0
20490 6.45428e+07 4253614 4281666 2.60937e+07 1734204 1745668 3.74024e+07 2513497 2530041 3.17498e+07 2103288 2117082 3.17464e+07 2103264 2117224 3.01479e+07 1.23143e+07 41736 1.77918e+07 12521.7 42.104 18076.8 17027.5 29549.2 29553.9
20491 6.43344e+07 4257372 4285348 2.53362e+07 1697363 1708452 3.79665e+07 2554901 2571748 3.16515e+07 2105461 2119257 3.16511e+07 2104740 2118610 3.01559e+07 1.20424e+07 36137 1.80774e+07 12256.3 36.7775 18389.8 18426.6 18389.8 0
20492 6.44749e+07 4256330 4284264 3.03402e+07 2034125 2047477 3.30983e+07 2217046 2231589 3.17207e+07 2104081 2117949 3.17179e+07 2104779 2118537 3.01654e+07 1.44212e+07 36460 1.57078e+07 14683.9 37.4137 15959.6 21447.2 21409.8 5450.18
20493 6.46889e+07 4246067 4274089 4.62841e+07 3102530 3122931 1.72874e+07 1133052 1140600 3.17876e+07 2099369 2113203 3.17839e+07 2099646 2113531 3.01605e+07 2.19893e+07 75027 8.09612e+06 22402.9 76.4616 8197.65 18485.1 18446.4 10248.8
20494 6.44406e+07 4262581 4290556 2.02806e+07 1360099 1369046 4.30487e+07 2892142 2911100 3.16624e+07 2107707 2121517 3.1667e+07 2107758 2121580 3.01845e+07 9.62747e+06 72948 2.04841e+07 9808.54 74.6077 20845 26469.5 26432.1 5587.07
20498 6.44662e+07 4255221 4283153 3.2012e+07 2142866 2156919 3.14182e+07 2107190 2121031 3.17147e+07 2104203 2118003 3.17155e+07 2103763 2117597 3.01178e+07 1.51799e+07 36439 1.49015e+07 15496.4 37.61 15174.2 15211.8 15174.2 0.00716074
20499 6.4454e+07 4252156 4280016 1.66146e+07 1110474 1117836 4.67266e+07 3131276 3151701 3.16706e+07 2102597 2116411 3.16706e+07 2102261 2116037 3.01318e+07 7.86561e+06 73576 2.21926e+07 8018.28 75.3373 22650.6 25588.5 25551 2900.34
20500 6.44605e+07 4257497 4285388 2.57682e+07 1727319 1738597 3.76582e+07 2525059 2541639 3.17126e+07 2105750 2119610 3.17138e+07 2104446 2118164 3.01192e+07 1.22118e+07 36171 1.78712e+07 12473 37.035 18246.9 0 12473 12510
20501 6.44351e+07 4132137 4159192 4.6308e+07 3029708 3049615 1.70154e+07 1092086 1099167 3.16631e+07 2043557 2056928 3.16604e+07 2042743 2056130 3.01074e+07 2.19547e+07 72977 8.07973e+06 22446.2 74.1762 8236.08 646.632 23092.8 23129.7
20502 6.4514e+07 4254522 4282458 3.53567e+07 2366376 2381954 2.80421e+07 1877613 1889908 3.17034e+07 2104601 2118361 3.16954e+07 2102939 2116810 3.00962e+07 1.6727e+07 74352 1.32948e+07 17069.2 75.6252 13569.3 10058.5 27127.7 27165.3
20503 6.46443e+07 4252600 4280548 2.80239e+07 1866900 1879183 3.5618e+07 2382873 2398519 3.18214e+07 2102533 2116264 3.18205e+07 2102965 2116885 3.00809e+07 1.32171e+07 19503 1.68443e+07 13469.4 19.3269 17137.4 12436.2 25905.6 25908.2
20504 6.45543e+07 4254313 4282245 3.2742e+07 2188126 2202468 3.07742e+07 2060920 2074480 3.17594e+07 2104051 2117919 3.17567e+07 2103283 2117052 3.00919e+07 1.54705e+07 37469 1.45839e+07 15793.3 38.4953 14890.7 0 15793.3 15831.8
20505 6.44686e+07 4079315 4105937 2.7822e+07 1821966 1833820 3.56124e+07 2252270 2267007 3.17172e+07 2016975 2030166 3.17172e+07 2016910 2030057 3.00973e+07 1.31747e+07 35905 1.68866e+07 13475.6 36.9528 17259.9 0 13475.6 13512.5
20506 6.44432e+07 4231961 4259592 4.2133e+07 2806383 2824686 2.1213e+07 1416220 1425491 3.16757e+07 2093027 2106785 3.16702e+07 2092012 2105584 3.00852e+07 1.99583e+07 66369 1.00604e+07 20395.5 67.7469 10271.2 2289.15 22684.7 22715.4
20507 6.44771e+07 4247913 4275653 4.36881e+07 2922704 2941780 1.97512e+07 1319933 1328559 3.17207e+07 2101198 2114927 3.17186e+07 2099710 2113410 3.00863e+07 2.06883e+07 37007 9.36103e+06 21180.8 37.9386 9556.15 9594.09 9556.15 0
20508 6.4467e+07 4253716 4281415 2.29991e+07 1539610 1549575 4.04321e+07 2708919 2726621 3.17161e+07 2103183 2117000 3.17151e+07 2103314 2116877 3.01187e+07 1.09268e+07 36347 1.91554e+07 11120.3 37.3966 19569 19606.5 19569.1 0
20509 1.0536e+08 6954315 6999534 5.55813e+07 3722517 3746768 4.79767e+07 3216084 3236961 5.17801e+07 3438304 3460581 5.17779e+07 3439036 3461446 4.91869e+07 2.6322e+07 110258 2.27546e+07 26909.9 113.359 23250.4 29232.9 49075.8 49113.8
20510 6.4593e+07 4225108 4252570 2.62703e+07 1754383 1765838 3.72847e+07 2465523 2481498 3.17776e+07 2088624 2102224 3.17775e+07 2089575 2103106 3.01466e+07 1.24328e+07 37002 1.76767e+07 12713.4 37.9982 18062.5 18100.5 18062.5 0
20511 4.11915e+07 2714187 2731916 1.24364e+07 833322 838780 2.80655e+07 1875714 1887955 2.02503e+07 1342206 1351006 2.02516e+07 1342103 1350837 1.92027e+07 5.89293e+06 36163 1.32736e+07 6028.25 37.2822 13555.8 0 6028.25 6065.53
 
