20579 1.62251e+08 1501136 1649662 7.31086e+07 689420 763399 8.6357e+07 808088 882319 7.9736e+07 741891 815112 7.97296e+07 742381 815977 1.66039e+06 762826 4038 893530 7.42038e+07 396772 8.76506e+07 1.51617e+08 1.51536e+08 1.06567e+08
20580 7.5375e+07 694147 758270 3.36409e+07 314071 341964 4.04652e+07 378623 414718 3.70527e+07 343329 375003 3.70535e+07 343241 374967 768064 347445 1687 418932 3.41464e+07 163924 4.10647e+07 7.22416e+07 7.21593e+07 3.10946e+07
20581 7.52332e+07 692645 753374 4.01108e+07 374722 408107 3.39294e+07 317157 344440 3.70205e+07 342768 372854 3.70196e+07 342177 372139 766017 414450 826 350741 4.07114e+07 79783 3.4442e+07 0 4.07114e+07 4.07912e+07
20582 8.86892e+07 817837 893745 4.06394e+07 380451 416745 4.65702e+07 435883 475379 4.36047e+07 403729 441333 4.36049e+07 405019 442502 904425 420746 1659 482020 4.12549e+07 169678 4.72647e+07 6.35755e+06 4.76124e+07 4.77028e+07
20583 5.5202e+07 506419 552091 3.76171e+07 349760 381074 1.67026e+07 156064 170356 2.71617e+07 249911 272464 2.7158e+07 250844 273475 560147 386755 662 172730 3.81765e+07 68796 1.69567e+07 0 3.81765e+07 3.82453e+07
20596 7.78219e+07 697348 751254 1.62225e+07 147489 158452 6.03207e+07 548744 591596 3.82702e+07 344007 370641 3.82731e+07 345551 372239 786509 166415 1364 618730 1.64661e+07 138194 6.12176e+07 6.13558e+07 6.12176e+07 0
20597 7.80565e+07 697528 749040 5.22038e+07 473206 508315 2.45704e+07 223144 239460 3.83875e+07 344237 369790 3.83868e+07 345683 371091 787458 534084 1309 252065 5.29862e+07 128459 2.49419e+07 0 5.29862e+07 5.31146e+07
20598 7.79483e+07 695995 748516 3.51562e+07 318946 343746 4.15117e+07 375897 403543 3.83344e+07 344179 369872 3.83335e+07 344281 370552 784928 359241 1271 424416 3.56874e+07 128160 4.21327e+07 4.22609e+07 4.21327e+07 0
20599 7.75059e+07 694225 748295 2.91233e+07 262793 282615 4.71078e+07 430255 464413 3.81147e+07 343850 370545 3.81164e+07 342592 369355 782567 296830 1263 484474 2.95586e+07 123604 4.78238e+07 0 2.95586e+07 2.96822e+07
20600 1.53022e+08 1375014 1493410 9.70435e+07 882781 956107 5.34654e+07 489952 534843 7.52556e+07 680278 738680 7.52533e+07 679518 738137 1.54641e+06 992734 2551 551105 9.85058e+07 254498 5.42599e+07 9.95245e+07 1.4785e+08 1.4785e+08
20601 8.11193e+07 733408 802478 4.50677e+07 413665 452168 3.47208e+07 318544 348986 3.98874e+07 361811 396056 3.99011e+07 363537 397580 823685 464546 1360 357779 4.57451e+07 134356 3.52398e+07 3.50669e+07 8.0812e+07 8.0813e+07
20609 1.54358e+08 1384461 1495990 5.23645e+07 477349 518706 9.95808e+07 905948 976007 7.59738e+07 684299 739355 7.59714e+07 684784 740008 1.56014e+06 537080 1246 1.02182e+06 5.31457e+07 127631 1.01085e+08 2.51112e+07 7.82569e+07 7.83845e+07
20610 1.55384e+08 1388165 1493498 7.75017e+07 703152 757138 7.5327e+07 682724 733920 7.64146e+07 687079 739271 7.64142e+07 685526 737479 1.56646e+06 793388 2587 770488 7.86648e+07 264175 7.64552e+07 1.42421e+08 1.42283e+08 6.58282e+07
20611 1.54528e+08 1386011 1494722 8.8398e+07 803777 866767 6.35839e+07 579871 625412 7.59885e+07 685441 738885 7.59935e+07 685408 739513 1.55496e+06 902147 2601 650217 8.97356e+07 255773 6.45365e+07 1.13396e+08 1.13272e+08 4.87351e+07
20612 1.52792e+08 1377847 1497042 7.50845e+07 684622 740437 7.50529e+07 689699 752843 7.50676e+07 681169 740083 7.50698e+07 681410 740366 1.53181e+06 761866 3903 766005 7.62042e+07 395992 7.61877e+07 8.03903e+07 1.35273e+08 1.35401e+08
20613 1.55189e+08 1387546 1494282 6.68378e+07 606742 653793 8.59259e+07 779582 839138 7.63845e+07 685775 738288 7.63793e+07 686251 739319 1.54741e+06 676710 1346 869355 6.78415e+07 130665 8.72169e+07 1.94652e+07 8.73067e+07 8.74358e+07
20614 1.54598e+08 1386479 1497315 9.25354e+07 841984 908320 5.9388e+07 540957 585181 7.59617e+07 686361 741176 7.59618e+07 684817 739604 1.54474e+06 938373 3982 602388 9.3929e+07 399228 6.02702e+07 1.26444e+08 1.26312e+08 6.64652e+07
20615 1.55316e+08 1387921 1493808 8.23101e+07 745198 802235 7.04524e+07 640429 689094 7.63816e+07 686279 738346 7.63809e+07 686297 738973 1.5468e+06 830218 2586 714000 8.35424e+07 262690 7.15109e+07 1.09152e+08 1.09023e+08 3.7512e+07
20642 7.4527e+07 668552 724622 1.59418e+07 145550 157959 5.73549e+07 521802 565358 3.66483e+07 330585 358392 3.66484e+07 330426 358106 746421 162143 1380 582898 1.61746e+07 133521 5.82189e+07 6.45119e+07 6.45113e+07 6.29237e+06
20643 1.54839e+08 1386024 1494566 6.90413e+07 627006 675488 8.32525e+07 756760 816632 7.61486e+07 684938 738542 7.61452e+07 685610 739336 1.55353e+06 702231 2555 848744 7.00797e+07 260545 8.44986e+07 3.91272e+07 1.09207e+08 1.09342e+08
20646 1.55127e+08 1387566 1494776 7.63145e+07 693774 748815 7.61353e+07 690356 742272 7.62236e+07 685411 738643 7.62263e+07 686568 739332 1.55382e+06 775797 3946 774074 7.74526e+07 394182 7.72807e+07 8.60064e+07 1.53187e+08 1.53319e+08
20647 1.55883e+08 1394999 1500340 7.12184e+07 646563 695786 8.21036e+07 746136 802089 7.66632e+07 690017 741929 7.66588e+07 689546 741769 1.56077e+06 722467 2532 835769 7.22929e+07 253176 8.33366e+07 6.38007e+07 1.36094e+08 1.36223e+08
20648 7.72759e+07 1383899 1495203 2.1222e+07 500284 542895 5.48056e+07 881580 950104 3.80119e+07 683064 738502 3.80157e+07 685417 740036 777879 -216078 2285 991672 -2.15558e+07 229014 9.86028e+07 4.3094e+07 2.15382e+07 2.1645e+07
20649 1.54893e+08 1384474 1494075 8.27257e+07 750833 811822 6.96478e+07 631513 679940 7.61859e+07 685321 739577 7.61875e+07 683741 737874 1.55409e+06 842562 2340 709184 8.39744e+07 227632 7.06907e+07 1.12579e+08 1.12456e+08 4.17655e+07
20650 1.55324e+08 1387248 1494754 8.55851e+07 774279 833788 6.71872e+07 610618 658446 7.63837e+07 685470 738784 7.63886e+07 686267 739289 1.55573e+06 868606 2617 684510 8.68697e+07 256409 6.81979e+07 9.42211e+07 9.40944e+07 2.58966e+07
20651 1.55483e+08 1388463 1493892 7.66253e+07 693796 745989 7.61766e+07 691238 744213 7.6397e+07 686542 738678 7.64049e+07 686456 738588 1.55616e+06 777560 3833 774767 7.77701e+07 388713 7.73239e+07 7.29533e+07 1.48189e+08 1.48319e+08
20652 1.55235e+08 1390002 1496765 7.1073e+07 645732 694753 8.17692e+07 743347 800969 7.64248e+07 688432 741309 7.64174e+07 686293 738967 1.55688e+06 723354 1070 832455 7.21374e+07 100325 8.29975e+07 5.51876e+07 1.27325e+08 1.27424e+08
20653 1.54759e+08 1386263 1497095 6.69319e+07 607004 654415 8.54655e+07 778555 841880 7.61984e+07 685629 740716 7.6199e+07 685046 739617 1.55315e+06 679669 716 872763 6.79412e+07 70155 8.67481e+07 4.05695e+07 1.08511e+08 1.08511e+08
20654 1.55552e+08 1390346 1495146 8.27675e+07 749415 804646 7.00997e+07 637436 686767 7.64341e+07 687391 739116 7.64331e+07 687322 739274 1.55564e+06 838990 3902 712746 8.40083e+07 391923 7.11521e+07 1.49535e+08 1.49405e+08 8.10232e+07
20655 1.55571e+08 1389639 1495824 8.12867e+07 736643 793453 7.17278e+07 650703 699929 7.65064e+07 686434 739003 7.6508e+07 687732 740175 1.55521e+06 824177 2529 728501 8.25134e+07 255550 7.28017e+07 1.35408e+08 1.35281e+08 6.24797e+07
20656 1.54918e+08 1386602 1494821 8.09709e+07 736657 795449 7.13995e+07 647702 696958 7.61888e+07 685912 739305 7.61816e+07 685528 739130 1.55014e+06 822853 2497 724793 8.21912e+07 258167 7.2469e+07 1.05458e+08 1.05327e+08 3.28578e+07
20657 1.54735e+08 1383676 1492215 7.01006e+07 637103 689332 8.19632e+07 743022 799071 7.60356e+07 684743 738336 7.60282e+07 683359 737052 1.54836e+06 712012 4005 832286 7.11525e+07 390246 8.31882e+07 8.89298e+07 1.45687e+08 1.45818e+08
20658 1.55179e+08 1389734 1497828 6.44484e+07 585392 631984 8.81804e+07 802062 863409 7.63192e+07 687905 741214 7.63097e+07 686260 739839 1.55422e+06 654672 2526 896987 6.54177e+07 254411 8.9502e+07 5.73304e+07 1.22748e+08 1.22879e+08
20659 1.55852e+08 1391327 1495009 7.4034e+07 669008 719206 7.9257e+07 719986 773277 7.66475e+07 688042 739553 7.66436e+07 687795 738874 1.55545e+06 747957 2602 804889 7.51445e+07 260067 8.04478e+07 5.80362e+06 8.09481e+07 8.10816e+07
20660 1.55321e+08 1390282 1496372 8.34847e+07 757644 815094 6.9281e+07 630255 678708 7.63847e+07 686856 739330 7.6381e+07 687959 740387 1.55356e+06 846659 2513 704388 8.47457e+07 245584 7.03294e+07 1.3722e+08 1.37096e+08 6.67668e+07
20662 1.55232e+08 1387135 1494325 7.45789e+07 675069 725744 7.8101e+07 709682 766019 7.6341e+07 685510 738638 7.63389e+07 686265 739141 1.55172e+06 755102 2691 793927 7.56967e+07 262036 7.92729e+07 6.05123e+07 1.36209e+08 1.36342e+08
20663 1.55201e+08 1387911 1494626 7.24233e+07 656990 706455 8.02252e+07 728674 785768 7.6323e+07 686405 739597 7.63255e+07 685978 738316 1.55202e+06 735375 2624 814016 7.35073e+07 269557 8.14244e+07 4.53357e+07 1.18843e+08 1.18977e+08
20664 1.54623e+08 1381811 1488177 7.47431e+07 676117 726499 7.73348e+07 703316 759110 7.60397e+07 683638 736027 7.60382e+07 682902 735660 1.54522e+06 756536 2696 785984 7.58619e+07 268488 7.84927e+07 2.86291e+07 1.04491e+08 1.04628e+08
20665 1.5535e+08 1390793 1498442 7.46774e+07 678261 732306 7.80002e+07 709088 762434 7.63376e+07 688060 741492 7.63399e+07 687074 740094 1.55565e+06 758365 3873 793409 7.57982e+07 384390 7.91676e+07 1.44456e+08 1.44333e+08 7.08287e+07
20666 1.55019e+08 1388834 1496977 8.64476e+07 785237 846532 6.60225e+07 601294 647990 7.6237e+07 686063 739752 7.62331e+07 687246 740509 1.55172e+06 876909 2629 672185 8.77402e+07 263629 6.70155e+07 1.15856e+08 1.1572e+08 4.87046e+07
20667 1.55302e+08 1389224 1496588 9.50951e+07 861482 925045 5.77701e+07 526451 570115 7.64324e+07 685984 739339 7.64328e+07 687845 740647 1.55296e+06 963610 1486 587869 9.6518e+07 148033 5.86361e+07 8.95372e+07 8.95245e+07 3.08884e+07
20668 1.5554e+08 1391787 1497228 7.57518e+07 687388 739755 7.7101e+07 700926 753752 7.64267e+07 687876 740242 7.64261e+07 688474 740414 1.55632e+06 769125 3916 783284 7.68837e+07 396522 7.82596e+07 8.23841e+07 1.53079e+08 1.53215e+08
20669 1.54557e+08 1386151 1499246 7.04191e+07 637807 686570 8.15928e+07 745998 810164 7.60087e+07 685263 741288 7.60032e+07 685381 741160 1.554e+06 717092 2642 834265 7.14774e+07 260633 8.2819e+07 3.56162e+07 1.07094e+08 1.07222e+08
20670 1.55823e+08 1391298 1497265 7.09957e+07 643116 692215 8.22654e+07 745816 802495 7.66349e+07 688616 741059 7.66262e+07 687322 739707 1.56038e+06 719786 2646 837945 7.20615e+07 257657 8.35035e+07 1.61641e+07 8.82256e+07 8.8358e+07
20671 1.55466e+08 1391877 1499160 8.36121e+07 759399 817725 6.91661e+07 628907 677588 7.63875e+07 688779 742038 7.63907e+07 687823 740657 1.55836e+06 850696 4050 703614 8.48605e+07 406067 7.01997e+07 1.39231e+08 1.39096e+08 6.92535e+07
20672 1.23664e+08 1105590 1189594 5.31274e+07 481354 517272 6.85766e+07 623055 671064 6.08518e+07 547784 589350 6.08523e+07 545449 586937 1.23739e+06 539280 1286 696827 5.39234e+07 131472 6.96091e+07 0 5.39234e+07 5.40549e+07
20673 1.55181e+08 1387986 1497008 8.85046e+07 802091 864716 6.41227e+07 583670 629926 7.63161e+07 686333 740106 7.63112e+07 686286 740332 1.55406e+06 898656 2478 652929 8.98376e+07 260742 6.50825e+07 1.2086e+08 1.20733e+08 5.56501e+07
20674 1.55487e+08 1388783 1492846 7.61633e+07 690881 743506 7.67691e+07 695572 746843 7.64644e+07 686561 738098 7.6468e+07 686794 738177 1.55648e+06 774376 2525 779582 7.7312e+07 250254 7.79248e+07 1.08811e+08 1.08687e+08 3.07625e+07
20682 1.55474e+08 1392384 1498290 6.92596e+07 629410 677879 8.36604e+07 760613 817879 7.6462e+07 687277 739735 7.6458e+07 689608 741846 1.56031e+06 705093 2618 852603 7.03013e+07 255242 8.49178e+07 6.1747e+07 1.32048e+08 1.32175e+08
20683 1.03205e+08 926484 1003507 4.65054e+07 425331 464223 5.49172e+07 498924 536889 5.07106e+07 457868 495880 5.0712e+07 458345 496436 1.03739e+06 475968 2502 558919 4.72026e+07 259281 5.57432e+07 2.9846e+07 7.70487e+07 7.71779e+07
20684 1.53059e+08 1378632 1502506 1.08557e+08 989353 1070077 4.19818e+07 387004 429930 7.52697e+07 681360 742470 7.52693e+07 682285 743594 1.54356e+06 1.10808e+06 2497 432987 1.10195e+08 259086 4.26048e+07 8.92465e+07 8.91176e+07 6.82161e+07
20685 1.55143e+08 1390295 1497415 7.48888e+07 681742 734376 7.77229e+07 706433 760713 7.63085e+07 688339 741362 7.63033e+07 686530 739388 1.55714e+06 763524 2359 791257 7.60073e+07 241508 7.8894e+07 7.5462e+07 1.4556e+08 1.45649e+08
20686 1.55722e+08 1392099 1497178 7.26702e+07 657907 707617 8.04918e+07 731858 787054 7.65789e+07 688562 740723 7.65831e+07 688104 739800 1.55977e+06 737088 2659 820021 7.37552e+07 268631 8.16977e+07 5.59696e+07 1.29725e+08 1.29863e+08
20687 1.55612e+08 1392032 1498114 7.24345e+07 657398 707060 8.06208e+07 732332 788574 7.65293e+07 689192 741385 7.6526e+07 687294 740021 1.56011e+06 736348 2491 821271 7.35231e+07 255139 8.18342e+07 4.36445e+07 1.17168e+08 1.17296e+08
20688 1.55622e+08 1391789 1498410 6.95561e+07 630917 679435 8.3514e+07 758661 816595 7.65339e+07 688618 741249 7.65362e+07 687707 740541 1.5588e+06 706206 2546 850045 7.06022e+07 252612 8.47669e+07 1.8004e+07 8.86062e+07 8.87368e+07
20689 1.54706e+08 1387497 1497670 8.72856e+07 794903 858295 6.49876e+07 591266 637921 7.61344e+07 686938 741220 7.61388e+07 685038 739714 1.55306e+06 889167 1551 662346 8.85932e+07 150923 6.59616e+07 1.33956e+08 1.33909e+08 6.79474e+07
20691 1.5591e+08 1393103 1496883 7.66617e+07 694365 746178 7.66876e+07 696501 748316 7.66745e+07 688101 739060 7.66748e+07 689633 741299 1.56133e+06 778282 2521 780529 7.78139e+07 261252 7.78347e+07 5.01391e+06 8.28278e+07 8.29596e+07
20692 1.55571e+08 1391219 1495073 7.63129e+07 693845 746508 7.67017e+07 695063 746082 7.65082e+07 689072 740698 7.65064e+07 686700 737769 1.55875e+06 776968 2530 779254 7.74632e+07 252643 7.78554e+07 1.43668e+08 1.43543e+08 6.56874e+07
20693 1.54833e+08 1386839 1498476 8.57106e+07 779598 843543 6.67025e+07 606051 653610 7.62056e+07 685382 740834 7.62075e+07 685909 740843 1.55292e+06 872354 1351 679219 8.69959e+07 132323 6.77043e+07 1.21613e+08 1.21611e+08 5.39071e+07
20694 1.55795e+08 1393568 1498839 8.43054e+07 763309 819954 6.89322e+07 628008 676477 7.66183e+07 689639 741490 7.66193e+07 688467 740692 1.56082e+06 854851 2419 703548 8.55701e+07 250199 6.99747e+07 8.61749e+07 8.60459e+07 1.60712e+07
20695 1.55007e+08 1388812 1496326 7.23078e+07 656638 707414 8.0024e+07 728750 785233 7.61691e+07 686223 739655 7.61627e+07 687322 740191 1.55442e+06 735076 3930 815418 7.33907e+07 393543 8.12228e+07 7.58592e+07 1.46026e+08 1.46152e+08
20696 1.55406e+08 1392424 1499832 6.94116e+07 629539 678051 8.34837e+07 760870 819641 7.64499e+07 688049 741181 7.64454e+07 688831 741892 1.55803e+06 704386 2281 851365 7.04518e+07 219706 8.47349e+07 5.22454e+07 1.22697e+08 1.22783e+08
20698 1.55517e+08 1390515 1496855 7.71409e+07 699457 753148 7.56952e+07 687623 740005 7.64158e+07 688225 740870 7.64203e+07 686850 739346 1.55428e+06 782298 3875 768108 7.8302e+07 385112 7.683e+07 1.48948e+08 1.48821e+08 7.86887e+07
20699 1.55743e+08 1392770 1498096 8.40677e+07 762912 819982 6.92429e+07 628703 676845 7.66562e+07 687987 740154 7.66545e+07 689374 741376 1.55708e+06 853156 1289 702636 8.53377e+07 128152 7.02769e+07 1.28627e+08 1.285e+08 5.82228e+07
20700 1.55132e+08 1389722 1498086 9.03648e+07 820326 883154 6.22706e+07 567554 612961 7.63213e+07 687470 740884 7.63142e+07 686715 740494 1.55256e+06 917245 1956 633358 9.17271e+07 196835 6.32082e+07 1.03153e+08 1.03081e+08 3.98726e+07
20701 1.53351e+08 1369335 1474693 8.17512e+07 738367 794688 6.89513e+07 627437 676227 7.53522e+07 676888 729011 7.53503e+07 677471 729522 1.53273e+06 827716 3943 701072 8.29709e+07 389263 6.99913e+07 8.01889e+07 1.52452e+08 1.52585e+08
20702 1.54963e+08 1388307 1496691 7.2892e+07 660691 710592 7.95241e+07 725337 783664 7.62088e+07 687659 741745 7.62074e+07 685339 738444 1.551e+06 738999 2497 809501 7.39862e+07 255502 8.07214e+07 4.97381e+07 1.23724e+08 1.23849e+08
20703 1.53164e+08 1378623 1498561 7.93674e+07 723191 785014 7.12388e+07 652778 710668 7.53046e+07 682125 741706 7.53017e+07 681330 740370 1.53991e+06 807391 3053 729465 8.05543e+07 305856 7.23034e+07 1.26353e+08 1.26313e+08 7.14974e+07
20706 1.55319e+08 1388875 1494777 8.52947e+07 773657 831600 6.7472e+07 612923 660729 7.63865e+07 687362 739659 7.63802e+07 685950 738435 1.55274e+06 864966 2648 685121 8.65735e+07 264835 6.84808e+07 1.42218e+08 1.42081e+08 7.35999e+07
20707 1.55174e+08 1389466 1498215 8.29296e+07 755134 814754 6.98211e+07 633073 682076 7.63783e+07 686796 740279 7.63724e+07 687332 741342 1.55268e+06 843588 1403 707689 8.41719e+07 128631 7.08733e+07 1.15884e+08 1.15883e+08 4.50093e+07
20709 1.55535e+08 1394030 1500109 6.76845e+07 616594 664186 8.53775e+07 775842 834205 7.65277e+07 689681 742066 7.65343e+07 689010 741536 1.55906e+06 688969 1742 868344 6.86946e+07 177673 8.66628e+07 1.00287e+07 7.87233e+07 7.87705e+07
20710 1.54205e+08 1383622 1498908 1.07744e+08 978516 1055383 4.39886e+07 403333 441609 7.58677e+07 683254 740081 7.58652e+07 684955 742162 1.55333e+06 1.10005e+06 1937 451346 1.09362e+08 193459 4.46494e+07 1.09029e+08 1.0897e+08 6.43202e+07
20712 1.55668e+08 1392658 1500375 8.56885e+07 777746 837501 6.72968e+07 611523 659220 7.64951e+07 687502 740534 7.64902e+07 689712 743197 1.55667e+06 868849 3599 684199 8.69817e+07 371475 6.83128e+07 1.39162e+08 1.39038e+08 7.09572e+07
20713 1.55766e+08 1393546 1497817 7.87897e+07 714751 768631 7.44186e+07 676534 726754 7.66019e+07 688277 740048 7.66064e+07 689825 741078 1.55826e+06 798644 2494 757123 7.99829e+07 254455 7.55286e+07 1.28142e+08 1.28016e+08 5.24877e+07
20714 1.55483e+08 1391553 1498072 8.08613e+07 733330 790330 7.20662e+07 655813 705132 7.64636e+07 688023 740658 7.64639e+07 688017 740711 1.55616e+06 819826 2647 733683 8.2075e+07 254125 7.31541e+07 1.08004e+08 1.07877e+08 3.47228e+07
20715 1.55412e+08 1390230 1497110 8.34721e+07 756179 814447 6.93051e+07 631117 679493 7.63875e+07 687556 740505 7.63898e+07 687076 739807 1.55399e+06 844859 3321 705809 8.47219e+07 343437 7.03464e+07 8.07436e+07 1.55328e+08 1.02642e+07
20716 1.5517e+08 1386613 1494659 6.6597e+07 603230 650612 8.6023e+07 781032 841530 7.63114e+07 684985 738440 7.63086e+07 686201 739552 1.55074e+06 674476 2602 873665 6.75962e+07 259888 8.73139e+07 6.34792e+07 1.31075e+08 1.31203e+08
20717 1.5436e+08 1387981 1501305 5.44573e+07 497374 539787 9.73647e+07 888363 959104 7.59111e+07 685731 741616 7.59109e+07 686754 742939 1.54992e+06 555300 2600 992023 5.5273e+07 262503 9.88245e+07 3.85336e+07 9.38066e+07 9.39332e+07
20719 1.54713e+08 1386867 1496222 6.98095e+07 635579 686997 8.23717e+07 749023 806748 7.60911e+07 685584 739525 7.60901e+07 685904 740067 1.54878e+06 709472 2517 836791 7.08574e+07 246794 8.36084e+07 1.46649e+08 1.46649e+08 7.59832e+07
20720 1.5427e+08 1386520 1497624 9.28818e+07 845651 912354 5.89834e+07 539733 584016 7.59314e+07 685768 740982 7.59338e+07 685410 740105 1.54875e+06 943556 1185 604006 9.42753e+07 114762 5.98797e+07 1.13282e+08 1.13281e+08 5.34013e+07
20721 1.55451e+08 1391535 1497745 8.31026e+07 754869 811930 6.98073e+07 634539 683525 7.64556e+07 688107 740620 7.64543e+07 688005 740509 1.55575e+06 843263 2434 710051 8.43552e+07 241825 7.08538e+07 9.04149e+07 9.02879e+07 1.94341e+07
20722 1.54444e+08 1385627 1495550 6.60065e+07 599850 647163 8.59806e+07 784181 846633 7.59945e+07 684931 739408 7.59926e+07 685380 739593 1.54671e+06 669169 1656 875884 6.69972e+07 165283 8.72817e+07 6.2985e+07 1.29284e+08 1.2932e+08
20723 1.54628e+08 1388172 1495745 6.70852e+07 611169 658743 8.50144e+07 774752 834566 7.60508e+07 685302 738206 7.60488e+07 687381 740803 1.54995e+06 681971 2511 865464 6.80943e+07 246625 8.62868e+07 3.65321e+07 1.04626e+08 1.04746e+08
20724 1.54619e+08 1389265 1498453 7.33362e+07 667839 720465 7.86393e+07 718139 774465 7.59846e+07 686616 740506 7.59909e+07 687101 741136 1.54853e+06 744917 3624 799990 7.44422e+07 362118 7.98145e+07 1.49676e+08 1.49556e+08 8.43798e+07
20725 1.5472e+08 1385377 1492931 8.46817e+07 769471 829793 6.75195e+07 613828 660901 7.61e+07 684443 737460 7.61013e+07 685548 738857 1.54523e+06 858915 2267 684044 8.59557e+07 231279 6.85331e+07 1.23565e+08 1.23456e+08 5.49229e+07
20726 1.54071e+08 1384397 1493250 8.65948e+07 788279 850393 6.4974e+07 594066 640646 7.57894e+07 683928 737711 7.57794e+07 685067 738945 1.54185e+06 877770 2280 661799 8.7894e+07 228858 6.59486e+07 9.9058e+07 9.89439e+07 3.29953e+07
20727 1.54337e+08 1383622 1499917 8.11365e+07 735699 791012 7.05548e+07 644650 705403 7.58424e+07 684207 741750 7.5849e+07 684377 741809 1.54682e+06 823680 3647 719493 8.23502e+07 370107 7.16168e+07 3.11136e+07 1.08876e+08 1.09006e+08
20729 1.55116e+08 1387877 1496333 8.47378e+07 770005 830205 6.78295e+07 615614 663694 7.62866e+07 685992 739574 7.62807e+07 686430 740139 1.55222e+06 861408 2491 688261 8.60116e+07 258595 6.88398e+07 1.259e+08 1.25772e+08 5.69317e+07
20730 1.22154e+08 1097359 1198030 6.46466e+07 588726 646055 5.5445e+07 506328 549468 6.00486e+07 542730 592464 6.00429e+07 542479 592283 1.22589e+06 658798 2487 564578 6.56222e+07 252322 5.6276e+07 9.81751e+07 1.22147e+08 1.22147e+08
20738 1.55671e+08 1393111 1498033 7.65909e+07 696771 750269 7.65217e+07 694011 745244 7.65541e+07 688327 739881 7.65585e+07 689469 741666 1.55699e+06 777692 2663 776635 7.77373e+07 263935 7.767e+07 1.35189e+08 1.35061e+08 5.7391e+07
20739 1.54912e+08 1389109 1497160 8.77903e+07 797703 858806 6.45769e+07 589140 635928 7.61848e+07 686890 740360 7.61824e+07 686831 740236 1.55224e+06 891487 2618 658131 8.91025e+07 266584 6.5543e+07 1.14707e+08 1.14578e+08 4.90345e+07
20740 1.5505e+08 1386639 1494802 7.4336e+07 674648 727701 7.82019e+07 709966 764906 7.62715e+07 685881 739498 7.62664e+07 685162 738557 1.55144e+06 755062 2166 794135 7.54437e+07 215139 7.93834e+07 7.90333e+07 1.45551e+08 1.4558e+08
20741 1.55647e+08 1391646 1497553 7.35296e+07 666444 716832 7.95588e+07 722866 778209 7.65434e+07 687995 740559 7.6545e+07 688164 740368 1.55588e+06 745273 2633 807969 7.46316e+07 260512 8.07546e+07 5.59835e+07 1.30615e+08 1.30748e+08
20742 1.57801e+08 1410411 1517192 6.96648e+07 631984 680678 8.55467e+07 776149 834048 7.76049e+07 697606 749936 7.76066e+07 697140 750369 1.57689e+06 706334 2575 867980 7.07151e+07 260043 8.68254e+07 4.22767e+07 1.12992e+08 1.13126e+08
20744 1.50867e+08 1391975 1498226 7.51201e+07 683200 734852 7.31322e+07 705293 759649 7.41246e+07 688875 741537 7.41277e+07 687865 740269 1.51162e+06 763913 3956 743756 7.62474e+07 392461 7.42276e+07 1.47491e+08 1.47361e+08 7.53642e+07
20745 1.54807e+08 1386047 1497991 8.58597e+07 779509 843842 6.64023e+07 604198 651636 7.61337e+07 685538 741002 7.61283e+07 685107 740384 1.54872e+06 871016 2537 675071 8.71462e+07 250101 6.74025e+07 1.16582e+08 1.16457e+08 4.9055e+07
20746 1.55697e+08 1394545 1500055 8.14419e+07 738875 794771 7.16992e+07 653333 702792 7.65708e+07 688575 740607 7.65703e+07 690285 742572 1.55794e+06 825696 2573 729672 8.26631e+07 254486 7.27796e+07 1.02769e+08 1.02641e+08 2.98614e+07
20749 1.19288e+08 1068516 1151966 5.61093e+07 509909 547683 6.11605e+07 556414 601889 5.86363e+07 528928 570387 5.86335e+07 527820 568882 1.1931e+06 569660 2451 620984 5.69561e+07 250101 6.20821e+07 1.04758e+08 1.04629e+08 4.25471e+07
20750 1.54907e+08 1388079 1499420 8.29515e+07 754849 817000 6.94155e+07 630958 680002 7.6184e+07 687182 742136 7.6183e+07 685747 740913 1.54989e+06 842308 2543 705040 8.41967e+07 252541 7.04574e+07 1.15723e+08 1.15596e+08 4.51385e+07
20751 1.52711e+08 1376451 1503770 4.2172e+07 387419 430509 1.07995e+08 986454 1070456 7.50856e+07 680340 743275 7.50814e+07 680796 743680 1.53543e+06 431252 2873 1.1013e+06 4.2801e+07 292859 1.09617e+08 5.53611e+07 8.51284e+07 8.52572e+07
20752 1.54583e+08 1387083 1500877 8.9957e+07 819463 887271 6.23325e+07 567525 613442 7.61456e+07 685487 741649 7.61439e+07 686358 742758 1.54821e+06 914608 110 633492 9.13085e+07 8658 6.3266e+07 1.31895e+08 1.31887e+08 6.86206e+07
20754 1.55892e+08 1394628 1501374 8.66479e+07 784963 843689 6.66814e+07 607312 655170 7.66671e+07 690007 742854 7.66622e+07 689127 741885 1.55853e+06 877491 2614 678423 8.79517e+07 254852 6.76857e+07 8.67963e+07 8.6673e+07 1.89873e+07
20755 1.55721e+08 1392250 1497360 7.62684e+07 691671 743949 7.67675e+07 697092 749676 7.65218e+07 687663 739418 7.65141e+07 689061 741260 1.55561e+06 772849 3918 778845 7.74069e+07 395213 7.79184e+07 7.79986e+07 1.52473e+08 1.52608e+08
20756 1.55869e+08 1393323 1498238 7.6437e+07 691658 743354 7.68734e+07 699472 752529 7.66542e+07 688273 739935 7.66562e+07 689579 741631 1.55686e+06 773170 2593 781094 7.75798e+07 262570 7.80264e+07 6.62016e+07 1.43781e+08 1.43915e+08
20757 1.54825e+08 1388819 1499415 4.92529e+07 450465 490740 1.03029e+08 936056 1006218 7.61407e+07 686560 741170 7.61408e+07 686916 741623 1.55334e+06 502880 2511 1.04794e+06 4.99973e+07 253803 1.04574e+08 6.08882e+07 1.10885e+08 1.11014e+08
20759 9.04844e+07 808829 870906 7.10939e+07 645113 694626 1.79244e+07 162568 175019 4.45087e+07 399522 430156 4.45096e+07 400261 431035 904734 721532 1267 181935 7.2164e+07 128282 1.81922e+07 1.83117e+07 9.04757e+07 9.04762e+07
20789 1.56366e+08 1380714 1500539 8.08578e+07 725154 787872 7.29477e+07 653340 710283 7.69033e+07 682634 741866 7.69023e+07 682977 742251 1.57952e+06 829541 2566 747417 8.20773e+07 253612 7.40347e+07 1.16756e+08 1.16632e+08 4.25976e+07
 
