This file expects units
# [time] = ns
# [distance] = m
# [velocity] = m/ns
[ BB.global ]
u1
first u plane
u2
second u plane
u3
third u plane
u4
fourth u plane
u5
fifth u plane
x1
first x plane
x2
second x plane
x3
third u plane
x4
fourth x plane
x5 
fifth xplane
v1
first v plane
v2
second v plane
v3
third v plane
v4
fourth v plane
v5
fifth v plane
[ BB.global.done ]
############# RIGHT VDCS  ###################
# No of Crate, Slot, First, Last chans, Module
[ BB.dc.u1.cratemap ]
-1      0       0       0       0       0
3	18	94	80	1877	-1
4	5	80	95	1877	-1
4	9	80	95	1877	-1
4	19	80	95	1877	-1
3	18	47	32	1877	-1
4	4	32	47	1877	-1
3	13	47	32	1877	-1
3	9	47	32	1877	-1
4	18	32	45	1877	-1
-1      0       0       0       0       0

[ BB.dc.u1.geom ]
plane.z = 0.0
wire.1xp = -0.7025
wire.spacing = 0.01
wire.angle = -60.0
tdc.res = -0.5
xp.res = 2.0e-03
drift.min = 0
drift.max = 200
drift.v = 4.487e-05
drift.c1 = 0.006553
drift.c2 = 3.10e-06
drift.c3 = 0.0
geo.maxx = 0.7
geo.minx = -0.7
geo.maxy = 0.175
geo.miny = -0.175
geo.minth = -10.0
geo.maxth = 10.0
geo.minph = -2.0
geo.maxph = 2.0
geo.xcorr = 0.0
geo.ycorr = 0.0
geo.thetacorr = 0.0
geo.phicorr = 0.0
reconstructwith = 1
conv.tablename = 2dconvtable.dat
# TDC Offset Values
[ BB.dc.u1.offsets ]
 0 -758
 1 -758 2 -758 3 -758 4 -758 5 -758 6 -758 7 -758 8 -758 9 -758 10 -758
 11 -758 12 -758 13 -758 14 -758 15 -758 16 -758 17 -758 18 -758 19 -758 20 -758
 21 -758 22 -758 23 -758 24 -758 25 -758 26 -758 27 -758 28 -758 29 -758 30 -758
 31 -759 32 -759 33 -759 34 -759 35 -759 36 -759 37 -759 38 -759 39 -759 40 -759
 41 -759 42 -759 43 -759 44 -759 45 -759 46 -759 47 -764 48 -764 49 -764 50 -764
 51 -764 52 -764 53 -764 54 -764 55 -764 56 -764 57 -764 58 -764 59 -764 60 -764
 61 -764 62 -764 63 -747 64 -747 65 -747 66 -747 67 -747 68 -747 69 -747 70 -747
 71 -747 72 -747 73 -747 74 -747 75 -747 76 -747 77 -747 78 -747 79 -752 80 -752
 81 -752 82 -752 83 -752 84 -752 85 -752 86 -752 87 -752 88 -752 89 -752 90 -752
 91 -752 92 -752 93 -752 94 -752 95 -745 96 -745 97 -745 98 -745 99 -745 100 -745
 101 -745 102 -745 103 -745 104 -745 105 -745 106 -745 107 -745 108 -745 109 -745 110 -745
 111 -755 112 -755 113 -755 114 -755 115 -755 116 -755 117 -755 118 -755 119 -755 120 -755
 121 -755 122 -755 123 -755 124 -755 125 -755 126 -755 127 -760 128 -760 129 -760 130 -760
 131 -760 132 -760 133 -760 134 -760 135 -760 136 -760 137 -760 138 -760 139 -760 140 -760
-1 0.0
# TTD Lookup Table
[ BB.dc.u1.TTD ]
2.550e-08
0
[ BB.dc.u2.cratemap ]
-1      0       0       0       0       0
3	16	93	80	1877	-1
4	7	80	95	1877	-1
4	17	80	95	1877	-1
3	6	95	80	1877	-1
4	22	80	95	1877	-1
3	15	47	32	1877	-1
3	11	47	32	1877	-1
3	7	47	32	1877	-1
4	20	32	46	1877	-1
-1      0       0       0       0       0
[ BB.dc.u2.geom ]
plane.z = 0.0064
wire.1xp = -0.6975
wire.spacing = 0.01
wire.angle = -60.0
tdc.res = -0.5
xp.res = 2.0e-03
drift.min = 0
drift.max = 200
drift.v = 4.506e-05
drift.c1 = 0.006667
drift.c2 = 2.66e-06
drift.c3 = 0.0
geo.maxx = 0.7
geo.minx = -0.7
geo.maxy = 0.175
geo.miny = -0.175
geo.minth = -10.0
geo.maxth = 10.0
geo.minph = -2.0
geo.maxph = 2.0
geo.xcorr = 0.0
geo.ycorr = 0.0
geo.thetacorr = 0.0
geo.phicorr = 0.0
reconstructwith = 1
conv.tablename = 2dconvtable.dat
#TDC Offset Values
[ BB.dc.u2.offsets ]
 0 -758
 1 -758 2 -758 3 -758 4 -758 5 -758 6 -758 7 -758 8 -758 9 -758 10 -758
 11 -758 12 -758 13 -758 14 -760 15 -760 16 -760 17 -760 18 -760 19 -760 20 -760
 21 -760 22 -760 23 -760 24 -760 25 -760 26 -760 27 -760 28 -760 29 -760 30 -767
 31 -767 32 -767 33 -767 34 -767 35 -767 36 -767 37 -767 38 -767 39 -767 40 -767
 41 -767 42 -767 43 -767 44 -767 45 -767 46 -754 47 -754 48 -754 49 -754 50 -754
 51 -754 52 -754 53 -754 54 -754 55 -754 56 -754 57 -754 58 -754 59 -754 60 -754
 61 -754 62 -764 63 -764 64 -764 65 -764 66 -764 67 -764 68 -764 69 -764 70 -764
 71 -764 72 -764 73 -764 74 -764 75 -764 76 -764 77 -764 78 -745 79 -745 80 -745
 81 -745 82 -745 83 -745 84 -745 85 -745 86 -745 87 -745 88 -745 89 -745 90 -745
 91 -745 92 -745 93 -745 94 -750 95 -750 96 -750 97 -750 98 -750 99 -750 100 -750
 101 -750 102 -750 103 -750 104 -750 105 -750 106 -750 107 -750 108 -750 109 -750 110 -754
 111 -754 112 -754 113 -754 114 -754 115 -754 116 -754 117 -754 118 -754 119 -754 120 -754
 121 -754 122 -754 123 -754 124 -754 125 -754 126 -759 127 -759 128 -759 129 -759 130 -759
 131 -759 132 -759 133 -759 134 -759 135 -759 136 -759 137 -759 138 -759 139 -759 140 -759
-1 0.0
# TTD Lookup Table
[ BB.dc.u2.TTD ]
2.550e-08
0
[ BB.dc.u3.cratemap ]
-1      0       0       0       0       0
3	17	75	64	1877	-1
3	9	79	64	1877	-1
4	9	64	79	1877	-1
4	11	64	79	1877	-1
4	18	64	79	1877	-1
4	19	64	79	1877	-1
3	16	31	16	1877	-1
4	20	64	79	1877	-1
3	15	31	16	1877	-1
3	14	31	16	1877	-1
3	12	31	16	1877	-1
3	11	31	16	1877	-1
4	19	16	27	1877	-1
-1      0       0       0       0       0

[ BB.dc.u3.geom ]
plane.z = 0.3598
wire.1xp = -0.99271
wire.spacing = 0.01
wire.angle = -60.0
tdc.res = -0.5
xp.res = 2.0e-03
drift.min = 0
drift.max = 200
drift.v = 4.276e-05
drift.c1 = 0.006332
drift.c2 = 1.26e-05
drift.c3 = 36.0
geo.maxx = 1.0
geo.minx = -1.0
geo.maxy = 0.25
geo.miny = -0.25
geo.minth = -10.0
geo.maxth = 10.0
geo.minph = -2.0
geo.maxph = 2.0
geo.xcorr = 0.0
geo.ycorr = 0.0
geo.thetacorr = 0.0
geo.phicorr = 0.0
reconstructwith = 1
conv.tablename = 2dconvtable.dat
#TDC Offset Values
[ BB.dc.u3.offsets ]
 0 -999
 1 -999 2 -999 3 -999 4 -999 5 -999 6 -999 7 -999 8 -999 9 -999 10 -999
 11 -999 12 -776 13 -776 14 -776 15 -776 16 -776 17 -776 18 -776 19 -776 20 -776
 21 -776 22 -776 23 -776 24 -776 25 -776 26 -776 27 -776 28 -782 29 -782 30 -782
 31 -782 32 -782 33 -782 34 -782 35 -782 36 -782 37 -782 38 -782 39 -782 40 -782
 41 -782 42 -782 43 -782 44 -778 45 -778 46 -778 47 -778 48 -778 49 -778 50 -778
 51 -778 52 -778 53 -778 54 -778 55 -778 56 -778 57 -778 58 -778 59 -778 60 -782
 61 -782 62 -782 63 -782 64 -782 65 -782 66 -782 67 -782 68 -782 69 -782 70 -782
 71 -782 72 -782 73 -782 74 -782 75 -782 76 -780 77 -780 78 -780 79 -780 80 -780
 81 -780 82 -780 83 -780 84 -780 85 -780 86 -780 87 -780 88 -780 89 -780 90 -780
 91 -780 92 -775 93 -775 94 -775 95 -775 96 -775 97 -775 98 -775 99 -775 100 -775
 101 -775 102 -775 103 -775 104 -775 105 -775 106 -775 107 -775 108 -778 109 -778 110 -778
 111 -778 112 -778 113 -778 114 -778 115 -778 116 -778 117 -778 118 -778 119 -778 120 -778
 121 -778 122 -778 123 -778 124 -773 125 -773 126 -773 127 -773 128 -773 129 -773 130 -773
 131 -773 132 -773 133 -773 134 -773 135 -773 136 -773 137 -773 138 -773 139 -773 140 -775
 141 -775 142 -775 143 -775 144 -775 145 -775 146 -775 147 -775 148 -775 149 -775 150 -775
 151 -775 152 -775 153 -775 154 -775 155 -775 156 -777 157 -777 158 -777 159 -777 160 -777
 161 -777 162 -777 163 -777 164 -777 165 -777 166 -777 167 -777 168 -777 169 -777 170 -777
 171 -777 172 -774 173 -774 174 -774 175 -774 176 -774 177 -774 178 -774 179 -774 180 -774
 181 -774 182 -774 183 -774 184 -774 185 -774 186 -774 187 -774 188 -999 189 -999 190 -999
 191 -999 192 -999 193 -999 194 -999 195 -999 196 -999 197 -999 198 -999 199 -999
-1 0.0
# TTD Lookup Table
[ BB.dc.u3.TTD ]
2.550e-08
0
[ BB.dc.u4.cratemap ]
-1      0       0       0       0       0
4	21	59	48	1877	-1
4	10	63	48	1877	-1
3	20	64	79	1877	-1
3	8	48	63	1877	-1
3	12	48	63	1877	-1
3	16	48	63	1877	-1
4	22	15	0	1877	-1
3	20	48	63	1877	-1
4	18	15	0	1877	-1
4	9	15	0	1877	-1
4	5	15	0	1877	-1
4	23	31	16	1877	-1
3	7	0	11	1877	-1
-1      0       0       0       0       0

[ BB.dc.u4.geom ]
plane.z = 0.74435
wire.1xp = -1.0023
wire.spacing = 0.01
wire.angle = 60.0
tdc.res = -0.5
xp.res = 2.0e-03
drift.min = 0
drift.max = 200
drift.v = 4.306e-05
drift.c1 = -0.00745
drift.c2 = 0.0
drift.c3 = 3.980e-06
geo.maxx = 1.0
geo.minx = -1.0
geo.maxy = 0.25
geo.miny = -0.25
geo.minth = -10.0
geo.maxth = 10.0
geo.minph = -2.0
geo.maxph = 2.0
geo.xcorr = 0.0
geo.ycorr = 0.0
geo.thetacorr = 0.0
geo.phicorr = 0.0
reconstructwith = 1
conv.tablename = 2dconvtable.dat
#TDC Offset Values
[ BB.dc.u4.offsets ]
 0 -780
 1 -780 2 -780 3 -780 4 -780 5 -780 6 -780 7 -780 8 -780 9 -780 10 -780
 11 -780 12 -770 13 -770 14 -770 15 -770 16 -770 17 -770 18 -770 19 -770 20 -770
 21 -770 22 -770 23 -770 24 -770 25 -770 26 -770 27 -770 28 -774 29 -774 30 -774
 31 -774 32 -774 33 -774 34 -774 35 -774 36 -774 37 -774 38 -774 39 -774 40 -774
 41 -774 42 -774 43 -774 44 -768 45 -768 46 -768 47 -768 48 -768 49 -768 50 -768
 51 -768 52 -768 53 -768 54 -768 55 -768 56 -768 57 -768 58 -768 59 -768 60 -775
 61 -775 62 -775 63 -775 64 -775 65 -775 66 -775 67 -775 68 -775 69 -775 70 -775
 71 -775 72 -775 73 -775 74 -775 75 -775 76 -774 77 -774 78 -774 79 -774 80 -774
 81 -774 82 -774 83 -774 84 -774 85 -774 86 -774 87 -774 88 -774 89 -774 90 -774
 91 -774 92 -777 93 -777 94 -777 95 -777 96 -777 97 -777 98 -777 99 -777 100 -777
 101 -777 102 -777 103 -777 104 -777 105 -777 106 -777 107 -777 108 -775 109 -775 110 -775
 111 -775 112 -775 113 -775 114 -775 115 -775 116 -775 117 -775 118 -775 119 -775 120 -775
 121 -775 122 -775 123 -775 124 -776 125 -776 126 -776 127 -776 128 -776 129 -776 130 -776
 131 -776 132 -776 133 -776 134 -776 135 -776 136 -776 137 -776 138 -776 139 -776 140 -767
 141 -767 142 -767 143 -767 144 -767 145 -767 146 -767 147 -767 148 -767 149 -767 150 -767
 151 -767 152 -767 153 -767 154 -767 155 -767 156 -765 157 -765 158 -765 159 -765 160 -765
 161 -765 162 -765 163 -765 164 -765 165 -765 166 -765 167 -765 168 -765 169 -765 170 -765
 171 -765 172 -769 173 -769 174 -769 175 -769 176 -769 177 -769 178 -769 179 -769 180 -769
 181 -769 182 -769 183 -769 184 -769 185 -769 186 -769 187 -769 188 -767 189 -767 190 -767
 191 -767 192 -767 193 -767 194 -767 195 -767 196 -767 197 -767 198 -767 199 -767
-1 0.0
# TTD Lookup Table
[ BB.dc.u4.TTD ]
2.550e-08
0
[ BB.dc.u5.cratemap ]
-1      0       0       0       0       0
4	23	59	48	1877	-1
3	18	64	79	1877	-1
3	6	48	63	1877	-1
3	10	48	63	1877	-1
3	14	48	63	1877	-1
4	24	15	0	1877	-1
3	18	48	63	1877	-1
4	20	15	0	1877	-1
4	11	15	0	1877	-1
4	7	15	0	1877	-1
4	24	31	16	1877	-1
3	15	0	15	1877	-1
3	9	0	11	1877	-1
-1      0       0       0       0       0

[ BB.dc.u5.geom ]
plane.z = 0.73845
wire.1xp = -0.9973
wire.spacing = 0.01
wire.angle = 60.0
tdc.res = -0.5
xp.res = 2.0e-03
drift.min = 0
drift.max = 200
drift.v = 4.18e-05
drift.c1 = 0.007102
drift.c2 = 0.0
drift.c3 = 4.1502e-06
geo.maxx = 1.0
geo.minx = -1.0
geo.maxy = 0.25
geo.miny = -0.25
geo.minth = -10.0
geo.maxth = 10.0
geo.minph = -2.0
geo.maxph = 2.0
geo.xcorr = 0.0
geo.ycorr = 0.0
geo.thetacorr = 0.0
geo.phicorr = 0.0
reconstructwith = 1
conv.tablename = 2dconvtable.dat
#TDC Offset Values
[ BB.dc.u5.offsets ]
 0 -775
 1 -775 2 -775 3 -775 4 -775 5 -775 6 -775 7 -775 8 -775 9 -775 10 -775
 11 -775 12 -775 13 -775 14 -775 15 -775 16 -775 17 -775 18 -775 19 -775 20 -775
 21 -775 22 -775 23 -775 24 -775 25 -775 26 -775 27 -775 28 -768 29 -768 30 -768
 31 -768 32 -768 33 -768 34 -768 35 -768 36 -768 37 -768 38 -768 39 -768 40 -768
 41 -768 42 -768 43 -768 44 -772 45 -772 46 -772 47 -772 48 -772 49 -772 50 -772
 51 -772 52 -772 53 -772 54 -772 55 -772 56 -772 57 -772 58 -772 59 -772 60 -776
 61 -776 62 -776 63 -776 64 -776 65 -776 66 -776 67 -776 68 -776 69 -776 70 -776
 71 -776 72 -776 73 -776 74 -776 75 -776 76 -780 77 -780 78 -780 79 -780 80 -780
 81 -780 82 -780 83 -780 84 -780 85 -780 86 -780 87 -780 88 -780 89 -780 90 -780
 91 -780 92 -776 93 -776 94 -776 95 -776 96 -776 97 -776 98 -776 99 -776 100 -776
 101 -776 102 -776 103 -776 104 -776 105 -776 106 -776 107 -776 108 -777 109 -777 110 -777
 111 -777 112 -777 113 -777 114 -777 115 -777 116 -777 117 -777 118 -777 119 -777 120 -777
 121 -777 122 -777 123 -777 124 -768 125 -768 126 -768 127 -768 128 -768 129 -768 130 -768
 131 -768 132 -768 133 -768 134 -768 135 -768 136 -768 137 -768 138 -768 139 -768 140 -764
 141 -764 142 -764 143 -764 144 -764 145 -764 146 -764 147 -764 148 -764 149 -764 150 -764
 151 -764 152 -764 153 -764 154 -764 155 -764 156 -771 157 -771 158 -771 159 -771 160 -771
 161 -771 162 -771 163 -771 164 -771 165 -771 166 -771 167 -771 168 -771 169 -771 170 -771
 171 -771 172 -772 173 -772 174 -772 175 -772 176 -772 177 -772 178 -772 179 -772 180 -772
 181 -772 182 -772 183 -772 184 -772 185 -772 186 -772 187 -772 188 -764 189 -764 190 -764
 191 -764 192 -764 193 -764 194 -764 195 -764 196 -764 197 -764 198 -764 199 -764
-1 0.0
# TTD Lookup Table
[ BB.dc.u5.TTD ]
2.550e-08
0
[ BB.dc.x1.cratemap ]
-1      0       0       0       0       0
3	20	94	80	1877	-1
3	14	95	80	1877	-1
3	11	95	80	1877	-1
3	8	95	80	1877	-1
3	20	47	32	1877	-1
4	5	32	47	1877	-1
4	7	32	47	1877	-1
4	10	32	47	1877	-1
4	23	32	46	1877	-1
-1      0       0       0       0       0

[ BB.dc.x1.geom ]
plane.z = 0.0128
wire.1xp = -0.7025
wire.spacing = 0.01
wire.angle = 90.0
tdc.res = -0.5
xp.res = 2.0e-03
drift.min = 0
drift.max = 200
drift.v = 4.726e-05
drift.c1 = 0.005874
drift.c2 = 1.29e-06
drift.c3 = -73.15
geo.maxx = 0.7
geo.minx = -0.7
geo.maxy = 0.175
geo.miny = -0.175
geo.minth = -10.0
geo.maxth = 10.0
geo.minph = -2.0
geo.maxph = 2.0
geo.xcorr = 0.0
geo.ycorr = 0.0
geo.thetacorr = 0.0
geo.phicorr = 0.0
reconstructwith = 1
conv.tablename = 2dconvtable.dat
# TDC Offset Values
[ BB.dc.x1.offsets ]
 0 -754
 1 -754 2 -754 3 -754 4 -754 5 -754 6 -754 7 -754 8 -754 9 -754 10 -754
 11 -754 12 -754 13 -754 14 -754 15 -755 16 -755 17 -755 18 -755 19 -755 20 -755
 21 -755 22 -755 23 -755 24 -755 25 -755 26 -755 27 -755 28 -755 29 -755 30 -755
 31 -755 32 -755 33 -755 34 -755 35 -755 36 -755 37 -755 38 -755 39 -755 40 -755
 41 -755 42 -755 43 -755 44 -755 45 -755 46 -755 47 -753 48 -753 49 -753 50 -753
 51 -753 52 -753 53 -753 54 -753 55 -753 56 -753 57 -753 58 -753 59 -753 60 -753
 61 -753 62 -753 63 -746 64 -746 65 -746 66 -746 67 -746 68 -746 69 -746 70 -746
 71 -746 72 -746 73 -746 74 -746 75 -746 76 -746 77 -746 78 -746 79 -751 80 -751
 81 -751 82 -751 83 -751 84 -751 85 -751 86 -751 87 -751 88 -751 89 -751 90 -751
 91 -751 92 -751 93 -751 94 -751 95 -751 96 -751 97 -751 98 -751 99 -751 100 -751
 101 -751 102 -751 103 -751 104 -751 105 -751 106 -751 107 -751 108 -751 109 -751 110 -751
 111 -755 112 -755 113 -755 114 -755 115 -755 116 -755 117 -755 118 -755 119 -755 120 -755
 121 -755 122 -755 123 -755 124 -755 125 -755 126 -755 127 -765 128 -765 129 -765 130 -765
 131 -765 132 -765 133 -765 134 -765 135 -765 136 -765 137 -765 138 -765 139 -765 140 -765
 141 -765
-1 0.0
# TTD Lookup Table
[ BB.dc.x1.TTD ]
2.550e-08
0
[ BB.dc.x2.cratemap ]
-1      0       0       0       0       0
4	4	94	80	1877	-1
4	10	95	80	1877	-1
4	18	95	80	1877	-1
4	21	95	80	1877	-1
3	7	80	95	1877	-1
3	16	32	47	1877	-1
3	14	32	47	1877	-1
3	12	32	47	1877	-1
3	6	32	46	1877	-1
-1      0       0       0       0       0

[ BB.dc.x2.geom ]
plane.z = 0.022375
wire.1xp = -0.7075
wire.spacing = 0.01
wire.angle = 90.0
tdc.res = -0.5
xp.res = 2.0e-03
drift.min = 0
drift.max = 200
drift.v = 4.627e-05
drift.c1 = 0.005766
drift.c2 = 0.0
drift.c3 = 4.55e-06
geo.maxx = 0.7
geo.minx = -0.7
geo.maxy = 0.175
geo.miny = -0.175
geo.minth = -10.0
geo.maxth = 10.0
geo.minph = -2.0
geo.maxph = 2.0
geo.xcorr = 0.0
geo.ycorr = 0.0
geo.thetacorr = 0.0
geo.phicorr = 0.0
reconstructwith = 1
conv.tablename = 2dconvtable.dat
# TDC Offset Values
[ BB.dc.x2.offsets ]
 0 -757
 1 -757 2 -757 3 -757 4 -757 5 -757 6 -757 7 -757 8 -757 9 -757 10 -757
 11 -757 12 -757 13 -757 14 -757 15 -757 16 -757 17 -757 18 -757 19 -757 20 -757
 21 -757 22 -757 23 -757 24 -757 25 -757 26 -757 27 -757 28 -757 29 -757 30 -757
 31 -761 32 -761 33 -761 34 -761 35 -761 36 -761 37 -761 38 -761 39 -761 40 -761
 41 -761 42 -761 43 -761 44 -761 45 -761 46 -761 47 -763 48 -763 49 -763 50 -763
 51 -763 52 -763 53 -763 54 -763 55 -763 56 -763 57 -763 58 -763 59 -763 60 -763
 61 -763 62 -763 63 -753 64 -753 65 -753 66 -753 67 -753 68 -753 69 -753 70 -753
 71 -753 72 -753 73 -753 74 -753 75 -753 76 -753 77 -753 78 -753 79 -751 80 -751
 81 -751 82 -751 83 -751 84 -751 85 -751 86 -751 87 -751 88 -751 89 -751 90 -751
 91 -751 92 -751 93 -751 94 -751 95 -738 96 -738 97 -738 98 -738 99 -738 100 -738
 101 -738 102 -738 103 -738 104 -738 105 -738 106 -738 107 -738 108 -738 109 -738 110 -738
 111 -743 112 -743 113 -743 114 -743 115 -743 116 -743 117 -743 118 -743 119 -743 120 -743
 121 -743 122 -743 123 -743 124 -743 125 -743 126 -743 127 -755 128 -755 129 -755 130 -755
 131 -755 132 -755 133 -755 134 -755 135 -755 136 -755 137 -755 138 -755 139 -755 140 -755
 141 -755
-1 0.0
# TTD Lookup Table
[ BB.dc.x2.TTD ]
2.550e-08
0
[ BB.dc.x3.cratemap ]
-1      0       0       0       0       0
3	14	76	64	1877	-1
3	11	79	64	1877	-1
3	8	79	64	1877	-1
3	6	79	64	1877	-1
3	20	31	16	1877	-1
3	19	31	16	1877	-1
3	17	31	16	1877	-1
4	21	64	79	1877	-1
4	4	16	31	1877	-1
4	6	16	31	1877	-1
4	7	16	31	1877	-1
4	9	16	31	1877	-1
4	11	16	28	1877	-1
-1      0       0       0       0       0

[ BB.dc.x3.geom ]
plane.z = 0.3662
wire.1xp = -0.9975
wire.spacing = 0.01
wire.angle = 90.0
tdc.res = -0.5
xp.res = 2.0e-03
drift.min = 0
drift.max = 200
drift.v = 4.409e-05
drift.c1 = 0.006323
drift.c2 = 1.0526e-05
drift.c3 = 40.0
geo.maxx = 1.0
geo.minx = -1.0
geo.maxy = 0.25
geo.miny = -0.25
geo.minth = -10.0
geo.maxth = 10.0
geo.minph = -2.0
geo.maxph = 2.0
geo.xcorr = 0.0
geo.ycorr = 0.0
geo.thetacorr = 0.0
geo.phicorr = 0.0
reconstructwith = 1
conv.tablename = 2dconvtable.dat
# TDC Offset Values
[ BB.dc.x3.offsets ]
 0 -999
 1 -999 2 -999 3 -999 4 -999 5 -999 6 -999 7 -999 8 -999 9 -999 10 -999
 11 -999 12 -999 13 -777 14 -777 15 -777 16 -777 17 -777 18 -777 19 -777 20 -777
 21 -777 22 -777 23 -777 24 -777 25 -777 26 -777 27 -777 28 -777 29 -776 30 -776
 31 -776 32 -776 33 -776 34 -776 35 -776 36 -776 37 -776 38 -776 39 -776 40 -776
 41 -776 42 -776 43 -776 44 -776 45 -773 46 -773 47 -773 48 -773 49 -773 50 -773
 51 -773 52 -773 53 -773 54 -773 55 -773 56 -773 57 -773 58 -773 59 -773 60 -773
 61 -775 62 -775 63 -775 64 -775 65 -775 66 -775 67 -775 68 -775 69 -775 70 -775
 71 -775 72 -775 73 -775 74 -775 75 -775 76 -775 77 -772 78 -772 79 -772 80 -772
 81 -772 82 -772 83 -772 84 -772 85 -772 86 -772 87 -772 88 -772 89 -772 90 -772
 91 -772 92 -772 93 -773 94 -773 95 -773 96 -773 97 -773 98 -773 99 -773 100 -773
 101 -773 102 -773 103 -773 104 -773 105 -773 106 -773 107 -773 108 -773 109 -776 110 -776
 111 -776 112 -776 113 -776 114 -776 115 -776 116 -776 117 -776 118 -776 119 -776 120 -776
 121 -776 122 -776 123 -776 124 -776 125 -769 126 -769 127 -769 128 -769 129 -769 130 -769
 131 -769 132 -769 133 -769 134 -769 135 -769 136 -769 137 -769 138 -769 139 -769 140 -769
 141 -766 142 -766 143 -766 144 -766 145 -766 146 -766 147 -766 148 -766 149 -766 150 -766
 151 -766 152 -766 153 -766 154 -766 155 -766 156 -766 157 -769 158 -769 159 -769 160 -769
 161 -769 162 -769 163 -769 164 -769 165 -769 166 -769 167 -769 168 -769 169 -769 170 -769
 171 -769 172 -769 173 -771 174 -771 175 -771 176 -771 177 -771 178 -771 179 -771 180 -771
 181 -771 182 -771 183 -771 184 -771 185 -771 186 -771 187 -771 188 -771 189 -999 190 -999
 191 -999 192 -999 193 -999 194 -999 195 -999 196 -999 197 -999 198 -999 199 -999 200 -999
 201 -999
-1 0.0
# TTD Lookup Table
[ BB.dc.x3.TTD ]
2.550e-08
0
[ BB.dc.x4.cratemap ]
-1      0       0       0       0       0
4	19	60	48	1877	-1
4	17	63	48	1877	-1
4	8	63	48	1877	-1
4	6	63	48	1877	-1
4	4	63	48	1877	-1
4	6	79	64	1877	-1
3	10	16	31	1877	-1
3	8	16	31	1877	-1
3	21	0	15	1877	-1
3	19	0	15	1877	-1
3	17	0	15	1877	-1
3	13	0	15	1877	-1
3	11	0	12	1877	-1
-1      0       0       0       0       0

[ BB.dc.x4.geom ]
plane.z = 0.73155
wire.1xp = -1.01358
wire.spacing = 0.01
wire.angle = 90.0
tdc.res = -0.5
xp.res = 2.0e-03
drift.min = 0
drift.max = 200
drift.v = 4.3e-05
drift.c1 = 0.004926
drift.c2 = 1.350e-05
drift.c3 = 36.5
geo.maxx = 1.0
geo.minx = -1.0
geo.maxy = 0.25
geo.miny = -0.25
geo.minth = -10.0
geo.maxth = 10.0
geo.minph = -2.0
geo.maxph = 2.0
geo.xcorr = 0.0
geo.ycorr = 0.0
geo.thetacorr = 0.0
geo.phicorr = 0.0
reconstructwith = 1
conv.tablename = 2dconvtable.dat
# TDC Offset Values
[ BB.dc.x4.offsets ]
 0 -775
 1 -775 2 -775 3 -775 4 -775 5 -775 6 -775 7 -775 8 -775 9 -775 10 -775
 11 -775 12 -775 13 -772 14 -772 15 -772 16 -772 17 -772 18 -772 19 -772 20 -772
 21 -772 22 -772 23 -772 24 -772 25 -772 26 -772 27 -772 28 -772 29 -770 30 -770
 31 -770 32 -770 33 -770 34 -770 35 -770 36 -770 37 -770 38 -770 39 -770 40 -770
 41 -770 42 -770 43 -770 44 -770 45 -768 46 -768 47 -768 48 -768 49 -768 50 -768
 51 -768 52 -768 53 -768 54 -768 55 -768 56 -768 57 -768 58 -768 59 -768 60 -768
 61 -770 62 -770 63 -770 64 -770 65 -770 66 -770 67 -770 68 -770 69 -770 70 -770
 71 -770 72 -770 73 -770 74 -770 75 -770 76 -770 77 -768 78 -768 79 -768 80 -768
 81 -768 82 -768 83 -768 84 -768 85 -768 86 -768 87 -768 88 -768 89 -768 90 -768
 91 -768 92 -768 93 -772 94 -772 95 -772 96 -772 97 -772 98 -772 99 -772 100 -772
 101 -772 102 -772 103 -772 104 -772 105 -772 106 -772 107 -772 108 -772 109 -771 110 -771
 111 -771 112 -771 113 -771 114 -771 115 -771 116 -771 117 -771 118 -771 119 -771 120 -771
 121 -771 122 -771 123 -771 124 -771 125 -778 126 -778 127 -778 128 -778 129 -778 130 -778
 131 -778 132 -778 133 -778 134 -778 135 -778 136 -778 137 -778 138 -778 139 -778 140 -778
 141 -776 142 -776 143 -776 144 -776 145 -776 146 -776 147 -776 148 -776 149 -776 150 -776
 151 -776 152 -776 153 -776 154 -776 155 -776 156 -776 157 -772 158 -772 159 -772 160 -772
 161 -772 162 -772 163 -772 164 -772 165 -772 166 -772 167 -772 168 -772 169 -772 170 -772
 171 -772 172 -772 173 -771 174 -771 175 -771 176 -771 177 -771 178 -771 179 -771 180 -771
 181 -771 182 -771 183 -771 184 -771 185 -771 186 -771 187 -771 188 -771 189 -767 190 -767
 191 -767 192 -767 193 -767 194 -767 195 -767 196 -767 197 -767 198 -767 199 -767 200 -767
 201 -767
-1 0.0
# TTD Lookup Table
[ BB.dc.x4.TTD ]
2.550e-08
0
[ BB.dc.x5.cratemap ]
-1      0       0       0       0       0
3	7	60	48	1877	-1
3	9	63	48	1877	-1
3	13	63	48	1877	-1
3	15	63	48	1877	-1
3	17	63	48	1877	-1
3	19	63	48	1877	-1
3	21	63	48	1877	-1
4	23	0	15	187	-1
4	21	0	15	1877	-1
4	19	0	15	1877	-1
4	17	0	15	1877	-1
4	8	0	15	1877	-1
4	6	0	12	1877	-1
-1      0       0       0       0       0


[ BB.dc.x5.geom ]
plane.z = 0.7178
wire.1xp = -1.00851
wire.spacing = 0.01
wire.angle = 90.0
tdc.res = -0.5
xp.res = 2.0e-03
drift.min = 0
drift.max = 200
drift.v = 4.305e-05
drift.c1 = 0.005499
drift.c2 = 7.62e-06
drift.c3 = 28.0
geo.maxx = 1.0
geo.minx = -1.0
geo.maxy = 0.25
geo.miny = -0.25
geo.minth = -10.0
geo.maxth = 10.0
geo.minph = -2.0
geo.maxph = 2.0
geo.xcorr = 0.0
geo.ycorr = 0.0
geo.thetacorr = 0.0
geo.phicorr = 0.0
reconstructwith = 1
conv.tablename = 2dconvtable.dat
# TDC Offset Values
[ BB.dc.x5.offsets ]
 0 -769
 1 -769 2 -769 3 -769 4 -769 5 -769 6 -769 7 -769 8 -769 9 -769 10 -769
 11 -769 12 -769 13 -772 14 -772 15 -772 16 -772 17 -772 18 -772 19 -772 20 -772
 21 -772 22 -772 23 -772 24 -772 25 -772 26 -772 27 -772 28 -772 29 -776 30 -776
 31 -776 32 -776 33 -776 34 -776 35 -776 36 -776 37 -776 38 -776 39 -776 40 -776
 41 -776 42 -776 43 -776 44 -776 45 -772 46 -772 47 -772 48 -772 49 -772 50 -772
 51 -772 52 -772 53 -772 54 -772 55 -772 56 -772 57 -772 58 -772 59 -772 60 -772
 61 -772 62 -772 63 -772 64 -772 65 -772 66 -772 67 -772 68 -772 69 -772 70 -772
 71 -772 72 -772 73 -772 74 -772 75 -772 76 -772 77 -775 78 -775 79 -775 80 -775
 81 -775 82 -775 83 -775 84 -775 85 -775 86 -775 87 -775 88 -775 89 -775 90 -775
 91 -775 92 -775 93 -778 94 -778 95 -778 96 -778 97 -778 98 -778 99 -778 100 -778
 101 -778 102 -778 103 -778 104 -778 105 -778 106 -778 107 -778 108 -778 109 -779 110 -779
 111 -779 112 -779 113 -779 114 -779 115 -779 116 -779 117 -779 118 -779 119 -779 120 -779
 121 -779 122 -779 123 -779 124 -779 125 -776 126 -776 127 -776 128 -776 129 -776 130 -776
 131 -776 132 -776 133 -776 134 -776 135 -776 136 -776 137 -776 138 -776 139 -776 140 -776
 141 -775 142 -775 143 -775 144 -775 145 -775 146 -775 147 -775 148 -775 149 -775 150 -775
 151 -775 152 -775 153 -775 154 -775 155 -775 156 -775 157 -774 158 -774 159 -774 160 -774
 161 -774 162 -774 163 -774 164 -774 165 -774 166 -774 167 -774 168 -774 169 -774 170 -774
 171 -774 172 -774 173 -765 174 -765 175 -765 176 -765 177 -765 178 -765 179 -765 180 -765
 181 -765 182 -765 183 -765 184 -765 185 -765 186 -765 187 -765 188 -765 189 -763 190 -763
 191 -763 192 -763 193 -763 194 -763 195 -763 196 -763 197 -763 198 -763 199 -763 200 -763
 201 -763
-1 0.0
# TTD Lookup Table
[ BB.dc.x5.TTD ]
2.550e-08
0
[ BB.dc.v1.cratemap ]
-1      0       0       0       0       0
4	6	94	80	1877	-1
3	21	80	95	1877	-1
3	17	80	95	1877	-1
3	12	80	95	1877	-1
4	6	47	32	1877	-1
3	19	32	47	1877	-1
4	17	47	32	1877	-1
4	22	47	32	1877	-1
3	10	32	45	1877	-1
-1      0       0       0       0       0

[ BB.dc.v1.geom ]
plane.z = 0.028775
wire.1xp = -0.7025
wire.spacing = 0.01
wire.angle = 60.0
tdc.res = -0.5
xp.res = 2.0e-03
drift.min = 0
drift.max = 200
drift.v = 4.464e-05
drift.c1 = 0.006547
drift.c2 = 0.0
drift.c3 = 3.952e-06
geo.maxx = 0.7
geo.minx = -0.7
geo.maxy = 0.175
geo.miny = -0.175
geo.minth = -10.0
geo.maxth = 10.0
geo.minph = -2.0
geo.maxph = 2.0
geo.xcorr = 0.0
geo.ycorr = 0.0
geo.thetacorr = 0.0
geo.phicorr = 0.0
reconstructwith = 1
conv.tablename = 2dconvtable.dat
# TDC Offset Values
[ BB.dc.v1.offsets ]
 0 -762
 1 -762 2 -762 3 -762 4 -762 5 -762 6 -762 7 -762 8 -762 9 -762 10 -762
 11 -762 12 -762 13 -762 14 -762 15 -760 16 -760 17 -760 18 -760 19 -760 20 -760
 21 -760 22 -760 23 -760 24 -760 25 -760 26 -760 27 -760 28 -760 29 -760 30 -760
 31 -757 32 -757 33 -757 34 -757 35 -757 36 -757 37 -757 38 -757 39 -757 40 -757
 41 -757 42 -757 43 -757 44 -757 45 -757 46 -757 47 -754 48 -754 49 -754 50 -754
 51 -754 52 -754 53 -754 54 -754 55 -754 56 -754 57 -754 58 -754 59 -754 60 -754
 61 -754 62 -754 63 -753 64 -753 65 -753 66 -753 67 -753 68 -753 69 -753 70 -753
 71 -753 72 -753 73 -753 74 -753 75 -753 76 -753 77 -753 78 -753 79 -751 80 -751
 81 -751 82 -751 83 -751 84 -751 85 -751 86 -751 87 -751 88 -751 89 -751 90 -751
 91 -751 92 -751 93 -751 94 -751 95 -765 96 -765 97 -765 98 -765 99 -765 100 -765
 101 -765 102 -765 103 -765 104 -765 105 -765 106 -765 107 -765 108 -765 109 -765 110 -765
 111 -770 112 -770 113 -770 114 -770 115 -770 116 -770 117 -770 118 -770 119 -770 120 -770
 121 -770 122 -770 123 -770 124 -770 125 -770 126 -770 127 -750 128 -750 129 -750 130 -750
 131 -750 132 -750 133 -750 134 -750 135 -750 136 -750 137 -750 138 -750 139 -750 140 -750
-1 0.0
# TTD Lookup Table
[ BB.dc.v1.TTD ]
2.550e-08
0
[ BB.dc.v2.cratemap ]
-1      0       0       0       0       0
4	8	93	80	1877	-1
3	19	80	95	1877	-1
3	15	80	95	1877	-1
4	23	95	80	1877	-1
3	10	80	95	1877	-1
4	9	47	32	1877	-1
4	19	47	32	1877	-1
4	24	47	32	1877	-1
3	8	32	46	1877	-1
-1      0       0       0       0       0

[ BB.dc.v2.geom ]
plane.z = 0.035175
wire.1xp = -0.6975
wire.spacing = 0.01
wire.angle = 60.0
tdc.res = -0.5
xp.res = 2.0e-03
drift.min = 0
drift.max = 200
drift.v = 4.609e-05
drift.c1 = 0.00663
drift.c2 = 0.0
drift.c3 = 2.645e-06
geo.maxx = 0.7
geo.minx = -0.7
geo.maxy = 0.175
geo.miny = -0.175
geo.minth = -10.0
geo.maxth = 10.0
geo.minph = -2.0
geo.maxph = 2.0
geo.xcorr = 0.0
geo.ycorr = 0.0
geo.thetacorr = 0.0
geo.phicorr = 0.0
reconstructwith = 1
conv.tablename = 2dconvtable.dat
#TDC Offset Values
[ BB.dc.v2.offsets ]
 0 -760
 1 -760 2 -760 3 -760 4 -760 5 -760 6 -760 7 -760 8 -760 9 -760 10 -760
 11 -760 12 -760 13 -760 14 -760 15 -760 16 -760 17 -760 18 -760 19 -760 20 -760
 21 -760 22 -760 23 -760 24 -760 25 -760 26 -760 27 -760 28 -760 29 -760 30 -755
 31 -755 32 -755 33 -755 34 -755 35 -755 36 -755 37 -755 38 -755 39 -755 40 -755
 41 -755 42 -755 43 -755 44 -755 45 -755 46 -768 47 -768 48 -768 49 -768 50 -768
 51 -768 52 -768 53 -768 54 -768 55 -768 56 -768 57 -768 58 -768 59 -768 60 -768
 61 -768 62 -753 63 -753 64 -753 65 -753 66 -753 67 -753 68 -753 69 -753 70 -753
 71 -753 72 -753 73 -753 74 -753 75 -753 76 -753 77 -753 78 -756 79 -756 80 -756
 81 -756 82 -756 83 -756 84 -756 85 -756 86 -756 87 -756 88 -756 89 -756 90 -756
 91 -756 92 -756 93 -756 94 -761 95 -761 96 -761 97 -761 98 -761 99 -761 100 -761
 101 -761 102 -761 103 -761 104 -761 105 -761 106 -761 107 -761 108 -761 109 -761 110 -773
 111 -773 112 -773 113 -773 114 -773 115 -773 116 -773 117 -773 118 -773 119 -773 120 -773
 121 -773 122 -773 123 -773 124 -773 125 -773 126 -755 127 -755 128 -755 129 -755 130 -755
 131 -755 132 -755 133 -755 134 -755 135 -755 136 -755 137 -755 138 -755 139 -755 140 -755
-1 0.0
# TTD Lookup Table
[ BB.dc.v2.TTD ]
2.550e-08
0
[ BB.dc.v3.cratemap ]
-1      0       0       0       0       0
4	10	75	64	1877	-1
4	17	79	64	1877	-1
3	16	64	79	1877	-1
3	10	64	79	1877	-1
3	7	64	79	1877	-1
3	21	16	31	1877	-1
4	22	79	64	1877	-1
3	18	16	31	1877	-1
4	5	31	16	1877	-1
4	8	31	16	1877	-1
4	10	31	16	1877	-1
4	18	31	16	1877	-1
3	13	16	27	1877	-1
-1      0       0       0       0       0

[ BB.dc.v3.geom ]
plane.z = 0.3825
wire.1xp = -0.9939
wire.spacing = 0.01
wire.angle = 60.0
tdc.res = -0.5
xp.res = 2.0e-03
drift.min = 0
drift.max = 200
drift.v = 4.396e-05
drift.c1 = 0.006561
drift.c2 = 7.627e-06
drift.c3 = 25.0
geo.maxx = 1.0
geo.minx = -1.0
geo.maxy = 0.25
geo.miny = -0.25
geo.minth = -10.0
geo.maxth = 10.0
geo.minph = -2.0
geo.maxph = 2.0
geo.xcorr = 0.0
geo.ycorr = 0.0
geo.thetacorr = 0.0
geo.phicorr = 0.0
reconstructwith = 1
conv.tablename = 2dconvtable.dat
#TDC Offset Values
[ BB.dc.v3.offsets ]
 0 -999
 1 -999 2 -999 3 -999 4 -999 5 -999 6 -999 7 -999 8 -999 9 -999 10 -999
 11 -999 12 -785 13 -785 14 -785 15 -785 16 -785 17 -785 18 -785 19 -785 20 -785
 21 -785 22 -785 23 -785 24 -785 25 -785 26 -785 27 -785 28 -780 29 -780 30 -780
 31 -780 32 -780 33 -780 34 -780 35 -780 36 -780 37 -780 38 -780 39 -780 40 -780
 41 -780 42 -780 43 -780 44 -777 45 -777 46 -777 47 -777 48 -777 49 -777 50 -777
 51 -777 52 -777 53 -777 54 -777 55 -777 56 -777 57 -777 58 -777 59 -777 60 -776
 61 -776 62 -776 63 -776 64 -776 65 -776 66 -776 67 -776 68 -776 69 -776 70 -776
 71 -776 72 -776 73 -776 74 -776 75 -776 76 -776 77 -776 78 -776 79 -776 80 -776
 81 -776 82 -776 83 -776 84 -776 85 -776 86 -776 87 -776 88 -776 89 -776 90 -776
 91 -776 92 -779 93 -779 94 -779 95 -779 96 -779 97 -779 98 -779 99 -779 100 -779
 101 -779 102 -779 103 -779 104 -779 105 -779 106 -779 107 -779 108 -768 109 -768 110 -768
 111 -768 112 -768 113 -768 114 -768 115 -768 116 -768 117 -768 118 -768 119 -768 120 -768
 121 -768 122 -768 123 -768 124 -767 125 -767 126 -767 127 -767 128 -767 129 -767 130 -767
 131 -767 132 -767 133 -767 134 -767 135 -767 136 -767 137 -767 138 -767 139 -767 140 -772
 141 -772 142 -772 143 -772 144 -772 145 -772 146 -772 147 -772 148 -772 149 -772 150 -772
 151 -772 152 -772 153 -772 154 -772 155 -772 156 -773 157 -773 158 -773 159 -773 160 -773
 161 -773 162 -773 163 -773 164 -773 165 -773 166 -773 167 -773 168 -773 169 -773 170 -773
 171 -773 172 -773 173 -773 174 -773 175 -773 176 -773 177 -773 178 -773 179 -773 180 -773
 181 -773 182 -773 183 -773 184 -773 185 -773 186 -773 187 -773 188 -999 189 -999 190 -999
 191 -999 192 -999 193 -999 194 -999 195 -999 196 -999 197 -999 198 -999 199 -999
-1 0.0
# TTD Lookup Table
[ BB.dc.v3.TTD ]
2.550e-08
0
[ BB.dc.v4.cratemap ]
-1      0       0       0       0       0
3	21	75	64	1877	-1
3	11	63	48	1877	-1
4	22	48	63	1877	-1
4	18	48	63	1877	-1
4	9	48	63	1877	-1
4	5	48	63	1877	-1
3	6	31	16	1877	-1
4	4	64	79	1877	-1
3	18	15	0	1877	-1
3	14	15	0	1877	-1
3	10	15	0	1877	-1
3	6	15	0	1877	-1
4	22	16	27	1877	-1
-1      0       0       0       0       0

[ BB.dc.v4.geom ]
plane.z = 0.7109
wire.1xp = -1.00305
wire.spacing = 0.01
wire.angle = -60.0
tdc.res = -0.5
xp.res = 2.0e-03
drift.min = 0
drift.max = 200
drift.v = 4.37e-05
drift.c1 = 0.006201
drift.c2 = 1.34e-06
drift.c3 = 0.0
geo.maxx = 1.0
geo.minx = -1.0
geo.maxy = 0.25
geo.miny = -0.25
geo.minth = -10.0
geo.maxth = 10.0
geo.minph = -2.0
geo.maxph = 2.0
geo.xcorr = 0.0
geo.ycorr = 0.0
geo.thetacorr = 0.0
geo.phicorr = 0.0
reconstructwith = 1
conv.tablename = 2dconvtable.dat
#TDC Offset Values
[ BB.dc.v4.offsets ]
 0 -780
 1 -780 2 -780 3 -780 4 -780 5 -780 6 -780 7 -780 8 -780 9 -780 10 -780
 11 -780 12 -773 13 -773 14 -773 15 -773 16 -773 17 -773 18 -773 19 -773 20 -773
 21 -773 22 -773 23 -773 24 -773 25 -773 26 -773 27 -773 28 -774 29 -774 30 -774
 31 -774 32 -774 33 -774 34 -774 35 -774 36 -774 37 -774 38 -774 39 -774 40 -774
 41 -774 42 -774 43 -774 44 -773 45 -773 46 -773 47 -773 48 -773 49 -773 50 -773
 51 -773 52 -773 53 -773 54 -773 55 -773 56 -773 57 -773 58 -773 59 -773 60 -769
 61 -769 62 -769 63 -769 64 -769 65 -769 66 -769 67 -769 68 -769 69 -769 70 -769
 71 -769 72 -769 73 -769 74 -769 75 -769 76 -768 77 -768 78 -768 79 -768 80 -768
 81 -768 82 -768 83 -768 84 -768 85 -768 86 -768 87 -768 88 -768 89 -768 90 -768
 91 -768 92 -772 93 -772 94 -772 95 -772 96 -772 97 -772 98 -772 99 -772 100 -772
 101 -772 102 -772 103 -772 104 -772 105 -772 106 -772 107 -772 108 -768 109 -768 110 -768
 111 -768 112 -768 113 -768 114 -768 115 -768 116 -768 117 -768 118 -768 119 -768 120 -768
 121 -768 122 -768 123 -768 124 -773 125 -773 126 -773 127 -773 128 -773 129 -773 130 -773
 131 -773 132 -773 133 -773 134 -773 135 -773 136 -773 137 -773 138 -773 139 -773 140 -773
 141 -773 142 -773 143 -773 144 -773 145 -773 146 -773 147 -773 148 -773 149 -773 150 -773
 151 -773 152 -773 153 -773 154 -773 155 -773 156 -770 157 -770 158 -770 159 -770 160 -770
 161 -770 162 -770 163 -770 164 -770 165 -770 166 -770 167 -770 168 -770 169 -770 170 -770
 171 -770 172 -767 173 -767 174 -767 175 -767 176 -767 177 -767 178 -767 179 -767 180 -767
 181 -767 182 -767 183 -767 184 -767 185 -767 186 -767 187 -767 188 -770 189 -770 190 -770
 191 -770 192 -770 193 -770 194 -770 195 -770 196 -770 197 -770 198 -770 199 -770
-1 0.0
# TTD Lookup Table
[ BB.dc.v4.TTD ]
2.550e-08
0
[ BB.dc.v5.cratemap ]
-1      0       0       0       0       0
3	19	75	64	1877	-1
4	24	48	63	1877	-1
4	20	48	63	1877	-1
4	11	48	63	1877	-1
4	7	48	63	1877	-1
3	9	31	16	1877	-1
4	8	64	79	1877	-1
3	20	15	0	1877	-1
3	16	15	0	1877	-1
3	12	15	0	1877	-1
3	8	15	0	1877	-1
4	10	0	15	1877	-1
4	4	0	11	1877	-1
-1      0       0       0       0       0

[ BB.dc.v5.geom ]
plane.z = .705
wire.1xp = -0.99805
wire.spacing = 0.01
wire.angle = -60.0
tdc.res = -0.5
xp.res = 2.0e-03
drift.min = 0
drift.max = 200
drift.v = 4.171e-05
drift.c1 = 0.005974
drift.c2 = 3.09e-06
drift.c3 = 0.0
geo.maxx = 1.0
geo.minx = -1.0
geo.maxy = 0.25
geo.miny = -0.25
geo.minth = -10.0
geo.maxth = 10.0
geo.minph = -2.0
geo.maxph = 2.0
geo.xcorr = 0.0
geo.ycorr = 0.0
geo.thetacorr = 0.0
geo.phicorr = 0.0
reconstructwith = 1
conv.tablename = 2dconvtable.dat
#TDC Offset Values
[ BB.dc.v5.offsets ]
 0 -773
 1 -773 2 -773 3 -773 4 -773 5 -773 6 -773 7 -773 8 -773 9 -773 10 -773
 11 -773 12 -777 13 -777 14 -777 15 -777 16 -777 17 -777 18 -777 19 -777 20 -777
 21 -777 22 -777 23 -777 24 -777 25 -777 26 -777 27 -777 28 -771 29 -771 30 -771
 31 -771 32 -771 33 -771 34 -771 35 -771 36 -771 37 -771 38 -771 39 -771 40 -771
 41 -771 42 -771 43 -771 44 -771 45 -771 46 -771 47 -771 48 -771 49 -771 50 -771
 51 -771 52 -771 53 -771 54 -771 55 -771 56 -771 57 -771 58 -771 59 -771 60 -770
 61 -770 62 -770 63 -770 64 -770 65 -770 66 -770 67 -770 68 -770 69 -770 70 -770
 71 -770 72 -770 73 -770 74 -770 75 -770 76 -772 77 -772 78 -772 79 -772 80 -772
 81 -772 82 -772 83 -772 84 -772 85 -772 86 -772 87 -772 88 -772 89 -772 90 -772
 91 -772 92 -769 93 -769 94 -769 95 -769 96 -769 97 -769 98 -769 99 -769 100 -769
 101 -769 102 -769 103 -769 104 -769 105 -769 106 -769 107 -769 108 -773 109 -773 110 -773
 111 -773 112 -773 113 -773 114 -773 115 -773 116 -773 117 -773 118 -773 119 -773 120 -773
 121 -773 122 -773 123 -773 124 -771 125 -771 126 -771 127 -771 128 -771 129 -771 130 -771
 131 -771 132 -771 133 -771 134 -771 135 -771 136 -771 137 -771 138 -771 139 -771 140 -772
 141 -772 142 -772 143 -772 144 -772 145 -772 146 -772 147 -772 148 -772 149 -772 150 -772
 151 -772 152 -772 153 -772 154 -772 155 -772 156 -768 157 -768 158 -768 159 -768 160 -768
 161 -768 162 -768 163 -768 164 -768 165 -768 166 -768 167 -768 168 -768 169 -768 170 -768
 171 -768 172 -764 173 -764 174 -764 175 -764 176 -764 177 -764 178 -764 179 -764 180 -764
 181 -764 182 -764 183 -764 184 -764 185 -764 186 -764 187 -764 188 -763 189 -763 190 -763
 191 -763 192 -763 193 -763 194 -763 195 -763 196 -763 197 -763 198 -763 199 -763
-1 0.0
# TTD Lookup Table
[ BB.dc.v5.TTD ]
2.550e-08
0
