20487 6.47673e+07 4290919 4291156 3.26106e+07 2195203 2195326 3.11345e+07 2091659 2091773 3.18736e+07 2122033 2122159 3.18715e+07 2121086 2121196 3.0328e+07 1.55048e+07 28392 1.47948e+07 3.31026e+07 60478 3.16042e+07 0 3.31026e+07 3.31631e+07
20488 6.46466e+07 4269660 4269883 4.57159e+07 3059460 3059621 1.78171e+07 1199869 1199931 3.1768e+07 2111071 2111178 3.1765e+07 2111257 2111369 3.02864e+07 2.17336e+07 73103 8.47967e+06 4.64067e+07 154878 1.8085e+07 4.26584e+06 5.06726e+07 5.0749e+07
20489 6.46827e+07 4286222 4286466 4.17062e+07 2803495 2803657 2.19375e+07 1477498 1477580 3.18222e+07 2118801 2118914 3.18216e+07 2119967 2120096 3.03103e+07 1.98339e+07 37361 1.0439e+07 4.23359e+07 79514 2.22673e+07 2.23468e+07 2.22673e+07 0
20490 6.45428e+07 4253777 4281666 2.60937e+07 1734270 1745668 3.74024e+07 2513594 2530041 3.17498e+07 2103366 2117082 3.17464e+07 2103349 2117224 3.01479e+07 1.23143e+07 41736 1.77918e+07 2.64874e+07 89080 3.79663e+07 3.57575e+07 6.22449e+07 6.22558e+07
20491 6.43344e+07 4257539 4285348 2.53362e+07 1697435 1708452 3.79665e+07 2554996 2571748 3.16515e+07 2105540 2119257 3.16511e+07 2104824 2118610 3.01559e+07 1.20424e+07 36137 1.80774e+07 2.57193e+07 77034 3.85381e+07 3.86151e+07 3.85381e+07 0
20492 6.44749e+07 4256494 4284264 3.03402e+07 2034200 2047477 3.30983e+07 2217135 2231589 3.17207e+07 2104165 2117949 3.17179e+07 2104859 2118537 3.01654e+07 1.44212e+07 36460 1.57078e+07 3.07936e+07 78353 3.36029e+07 4.51168e+07 4.50385e+07 1.14355e+07
20494 6.44406e+07 4262742 4290556 2.02806e+07 1360149 1369046 4.30487e+07 2892253 2911100 3.16624e+07 2107798 2121517 3.1667e+07 2107825 2121580 3.01845e+07 9.62747e+06 72948 2.04841e+07 2.05867e+07 156245 4.36976e+07 5.55041e+07 5.54258e+07 1.17282e+07
20498 6.44662e+07 4255396 4283153 3.2012e+07 2142955 2156919 3.14182e+07 2107275 2121031 3.17147e+07 2104289 2118003 3.17155e+07 2103850 2117597 3.01178e+07 1.51799e+07 36439 1.49015e+07 3.2496e+07 78753 3.18914e+07 3.19702e+07 3.18914e+07 0
20499 6.4454e+07 4252318 4280016 1.66146e+07 1110514 1117836 4.67266e+07 3131398 3151701 3.16706e+07 2102671 2116411 3.16706e+07 2102346 2116037 3.01318e+07 7.86561e+06 73576 2.21926e+07 1.6865e+07 157757 4.74313e+07 5.36063e+07 5.35276e+07 6.0963e+06
20500 6.44605e+07 4257654 4285388 2.57682e+07 1727369 1738597 3.76582e+07 2525166 2541639 3.17126e+07 2105823 2119610 3.17138e+07 2104528 2118164 3.01192e+07 1.22118e+07 36171 1.78712e+07 2.61565e+07 77568 3.82265e+07 0 2.61565e+07 2.6234e+07
20502 6.4514e+07 4254670 4282458 3.53567e+07 2366454 2381954 2.80421e+07 1877683 1889908 3.17034e+07 2104669 2118361 3.16954e+07 2103018 2116810 3.00962e+07 1.6727e+07 74352 1.32948e+07 3.58905e+07 158346 2.84652e+07 2.11125e+07 5.7003e+07 5.70818e+07
20503 6.46443e+07 4252743 4280548 2.80239e+07 1866964 1879183 3.5618e+07 2382952 2398519 3.18214e+07 2102591 2116264 3.18205e+07 2103047 2116885 3.00809e+07 1.32171e+07 19503 1.68443e+07 2.84471e+07 41840 3.61553e+07 2.61724e+07 5.46195e+07 5.46257e+07
20504 6.45543e+07 4254480 4282245 3.2742e+07 2188209 2202468 3.07742e+07 2061004 2074480 3.17594e+07 2104130 2117919 3.17567e+07 2103368 2117052 3.00919e+07 1.54705e+07 37469 1.45839e+07 3.32351e+07 80592 3.12386e+07 0 3.32351e+07 3.33157e+07
20507 6.44771e+07 4248050 4275653 4.36881e+07 2922798 2941780 1.97512e+07 1319976 1328559 3.17207e+07 2101258 2114927 3.17186e+07 2099787 2113410 3.00863e+07 2.06883e+07 37007 9.36103e+06 4.43491e+07 79427 2.00485e+07 2.01279e+07 2.00485e+07 0
