20487 6.47673e+07 4290919 4291156 3.26106e+07 2195203 2195326 3.11345e+07 2091659 2091773 3.18736e+07 2122033 2122159 3.18715e+07 2121086 2121196 3.0328e+07 1.55048e+07 28392 1.47948e+07 15776.4 28.7715 15049.7 0 15776.4 15805.2
20488 6.46466e+07 4269660 4269883 4.57159e+07 3059460 3059621 1.78171e+07 1199869 1199931 3.1768e+07 2111071 2111178 3.1765e+07 2111257 2111369 3.02864e+07 2.17336e+07 73103 8.47967e+06 22155.2 73.9434 8633.63 2037.01 24192.2 24228.7
20489 6.46827e+07 4286222 4286466 4.17062e+07 2803495 2803657 2.19375e+07 1477498 1477580 3.18222e+07 2118801 2118914 3.18216e+07 2119967 2120096 3.03103e+07 1.98339e+07 37361 1.0439e+07 20194.2 37.9713 10609.6 10647.6 10609.6 0
20490 6.45428e+07 4253614 4281666 2.60937e+07 1734204 1745668 3.74024e+07 2513497 2530041 3.17498e+07 2103288 2117082 3.17464e+07 2103264 2117224 3.01479e+07 1.23143e+07 41736 1.77918e+07 12521.7 42.104 18076.8 17027.5 29549.2 29553.9
20491 6.43344e+07 4257372 4285348 2.53362e+07 1697363 1708452 3.79665e+07 2554901 2571748 3.16515e+07 2105461 2119257 3.16511e+07 2104740 2118610 3.01559e+07 1.20424e+07 36137 1.80774e+07 12256.3 36.7775 18389.8 18426.6 18389.8 0
20492 6.44749e+07 4256330 4284264 3.03402e+07 2034125 2047477 3.30983e+07 2217046 2231589 3.17207e+07 2104081 2117949 3.17179e+07 2104779 2118537 3.01654e+07 1.44212e+07 36460 1.57078e+07 14683.9 37.4137 15959.6 21447.2 21409.8 5450.18
20494 6.44406e+07 4262581 4290556 2.02806e+07 1360099 1369046 4.30487e+07 2892142 2911100 3.16624e+07 2107707 2121517 3.1667e+07 2107758 2121580 3.01845e+07 9.62747e+06 72948 2.04841e+07 9808.54 74.6077 20845 26469.5 26432.1 5587.07
20498 6.44662e+07 4255221 4283153 3.2012e+07 2142866 2156919 3.14182e+07 2107190 2121031 3.17147e+07 2104203 2118003 3.17155e+07 2103763 2117597 3.01178e+07 1.51799e+07 36439 1.49015e+07 15496.4 37.61 15174.2 15211.8 15174.2 0.00716074
20499 6.4454e+07 4252156 4280016 1.66146e+07 1110474 1117836 4.67266e+07 3131276 3151701 3.16706e+07 2102597 2116411 3.16706e+07 2102261 2116037 3.01318e+07 7.86561e+06 73576 2.21926e+07 8018.28 75.3373 22650.6 25588.5 25551 2900.34
20500 6.44605e+07 4257497 4285388 2.57682e+07 1727319 1738597 3.76582e+07 2525059 2541639 3.17126e+07 2105750 2119610 3.17138e+07 2104446 2118164 3.01192e+07 1.22118e+07 36171 1.78712e+07 12473 37.035 18246.9 0 12473 12510
20502 6.4514e+07 4254522 4282458 3.53567e+07 2366376 2381954 2.80421e+07 1877613 1889908 3.17034e+07 2104601 2118361 3.16954e+07 2102939 2116810 3.00962e+07 1.6727e+07 74352 1.32948e+07 17069.2 75.6252 13569.3 10058.5 27127.7 27165.3
20503 6.46443e+07 4252600 4280548 2.80239e+07 1866900 1879183 3.5618e+07 2382873 2398519 3.18214e+07 2102533 2116264 3.18205e+07 2102965 2116885 3.00809e+07 1.32171e+07 19503 1.68443e+07 13469.4 19.3269 17137.4 12436.2 25905.6 25908.2
20504 6.45543e+07 4254313 4282245 3.2742e+07 2188126 2202468 3.07742e+07 2060920 2074480 3.17594e+07 2104051 2117919 3.17567e+07 2103283 2117052 3.00919e+07 1.54705e+07 37469 1.45839e+07 15793.3 38.4953 14890.7 0 15793.3 15831.8
20507 6.44771e+07 4247913 4275653 4.36881e+07 2922704 2941780 1.97512e+07 1319933 1328559 3.17207e+07 2101198 2114927 3.17186e+07 2099710 2113410 3.00863e+07 2.06883e+07 37007 9.36103e+06 21180.8 37.9386 9556.15 9594.09 9556.15 0
