20487 1033556 985034 4862 4608 241570 229531 504600 481543 282524 269352
20488 1440386 564630 6729 2584 336619 131307 703392 276815 393646 153923
20489 1318799 696241 6193 3244 307926 162998 644532 339399 360147 190600
20490 816236 1184496 3837 5584 190218 276893 399309 578832 222872 323187
20491 799770 1205037 3762 5742 186679 281649 389913 588210 219416 329436
20492 957930 1046781 4486 4998 222937 244690 468390 510216 262117 286877
20493 1462912 533244 6962 2463 341756 125067 714546 260340 399648 145374
20494 641012 1363085 3106 6359 150144 317715 312567 666096 175194 372914
20498 1010402 995280 4713 4698 235528 232151 493786 486373 276375 272058
20499 524133 1475136 2425 6914 121984 344076 255687 719881 144037 404264
20500 814406 1188671 3792 5430 190261 277584 398088 580392 222265 325265
20501 1427305 514508 6672 2307 333117 119713 697437 251205 390078 141283
20502 1117187 885307 5284 4127 261361 207072 544968 431229 305574 242879
20503 879830 1123893 4137 5217 204827 262266 430364 548761 240501 307649
20504 1030904 972324 4817 4496 240793 227081 503122 474853 282171 265894
20505 858648 1060957 3873 4847 200137 247591 420641 517948 233997 290571
20506 1323767 668103 6174 3093 308889 155947 646442 325884 362262 183179
20507 1375492 622054 6490 2800 322096 145086 670331 303923 376575 170245
20508 235261 1277878 1111 5872 54976 298683 114793 624283 64381 349040
20509 0 0 0 0 0 0 0 0 0 0
20510 0 0 0 0 0 0 0 0 0 0
20511 0 0 0 0 0 0 0 0 0 0
