20460 485508 362506 1282 121720 3403.42 1142.45 0.124223 0.124387 0.000516536 0.00116082
20464 490370 313512 1510 175348 2588.23 1443.94 0.14158 0.141589 -0.00123586 0.001058
20466 488941 189420 1485 298036 1559.47 2450.44 0.141635 0.141713 -0.000386025 0.00104269
20468 490612 17086 1516 472010 141.356 3878.3 0.141724 0.141686 -0.00357183 0.00276086
20469 975946 666842 1559 307545 5498.45 2523.91 0.141707 0.141596 -0.00275358 0.00077278
20470 1.21948e+06 340977 2935 875572 2812.05 7197.84 0.141512 0.141707 -0.000908333 0.000715891
20471 1.2195e+06 547415 1472 670615 4518.45 5513.25 0.141642 0.141536 -0.00237562 0.000646013
20475 1.2184e+06 663586 1428 553385 5445.47 4545.7 0.141716 0.141725 0.000530462 0.00064501
20476 1.22046e+06 824345 2995 393123 6789.13 3219.8 0.141688 0.141749 -0.00255506 0.000686959
20477 1.2203e+06 854712 3092 362494 7056.02 2977.24 0.141455 0.141698 -0.00170476 0.000703259
20479 1.22364e+06 328268 2937 892440 2705.48 7333.11 0.141555 0.141691 -0.00102261 0.000723753
20482 1.22094e+06 825362 1452 394121 6790 3243.65 0.141658 0.141615 5.73996e-05 0.000686381
20484 1.22013e+06 792405 1453 426273 6501.07 3502.04 0.141771 0.141743 0.000589505 0.000673195
20485 1.22175e+06 412796 735 808215 3393.68 6650.4 0.141652 0.141594 0.000239829 0.000678407
20486 1.0957e+06 367168 1497 727034 3020.73 5970.49 0.141729 0.14172 -0.000942104 0.000717477
20487 1.21843e+06 622676 1165 594593 5120.8 4884.94 0.141616 0.141413 -0.00121981 0.000642979
20488 1.21137e+06 867421 2952 340993 7191.47 2801.96 0.140801 0.141529 -0.00187741 0.000718259
20489 1.2163e+06 795642 1463 419198 6554.76 3443.65 0.141382 0.141571 -0.000756536 0.000676987
20490 1.20874e+06 493026 1731 713987 4064.85 5867.75 0.140972 0.141397 -9.71822e-05 0.000659327
20491 1.208e+06 480897 1447 725659 3978.17 5969.05 0.141067 0.141451 -0.00147345 0.000661608
20492 1.21001e+06 578598 1450 629959 4765.92 5180.68 0.141175 0.141274 -0.000450324 0.000647905
20494 1.21068e+06 385301 2938 822446 3183.4 6766.25 0.141397 0.141312 -0.0024309 0.000694688
20498 1.21078e+06 609911 1454 599419 5029.9 4925.39 0.14129 0.141538 -0.00094566 0.000646646
20499 1.20748e+06 315531 2927 889021 2602.34 7352.27 0.141306 0.14121 0.00102649 0.00073753
20500 1.21057e+06 491980 1379 717211 4048.49 5922.64 0.141565 0.141412 0.00121155 0.000658111
20502 1.20845e+06 673309 3059 532085 5540.78 4404.12 0.141598 0.14135 0.00202504 0.000651838
20503 1.21055e+06 531962 818 677774 4372.44 5562.64 0.141382 0.141599 2.14745e-05 0.000650865
20504 1.20974e+06 621847 1507 586388 5126.45 4833.29 0.141568 0.141437 -0.000548637 0.000647135
20507 1.20629e+06 829288 1479 375524 6874.93 3101.71 0.141391 0.141121 -0.00279884 0.000699825
20580 0 0 0 0 5287.84 6353.05 0.92573 0.926772 0 0
20598 159045 72926 260 85859 5553.06 6561.87 0.902104 0.899465 0.000368227 0.00251791
20601 166994 93952 257 72785 7087.81 5454.96 0.904307 0.90417 -0.00336354 0.00246892
20609 316764 109013 254 207497 8249.14 15730.4 0.902964 0.900851 -0.000254713 0.00187033
20610 317887 161319 502 156066 12242.3 11908.1 0.900281 0.90021 0.0026728 0.00177526
20611 317951 184397 534 133020 13959.3 10037.3 0.904979 0.905332 -0.00143005 0.00179866
20612 314767 156353 877 157537 11842.1 11806.7 0.91236 0.914267 -0.00422369 0.00178487
20613 317949 139018 272 178659 10555.9 13572.9 0.910492 0.910318 0.000162079 0.0017882
20614 317199 192764 822 123613 14607.9 9365.49 0.91112 0.911753 0.000237518 0.00182191
20615 318436 170910 559 146967 12999.5 11132 0.911106 0.910761 -0.00226843 0.0017787
20617 309218 114537 684 193997 8695.3 14672.9 0.911001 0.911512 -0.00158131 0.00186316
20642 152882 33479 269 119134 2510.83 9045.73 0.911147 0.909073 0.00503583 0.00309279
20643 318000 144359 543 173098 10907.4 13139.7 0.90666 0.905466 0.00166432 0.00178215
20646 318309 159449 809 158051 12046.5 12033.8 0.908147 0.906082 0.002739 0.00177472
20647 320202 148579 529 171094 11254.7 12975.2 0.908832 0.906867 -0.000500842 0.00177307
20649 317120 171870 491 144759 13053.3 11003.2 0.905155 0.904205 -0.000117818 0.0017837
20650 318292 177935 563 139794 13520.7 10612 0.905205 0.905847 -0.000140677 0.001787
20651 318146 158376 785 158985 12109.7 12034 0.906275 0.905911 -0.00525723 0.00177506
20652 318903 148406 216 170281 11230.3 12913.2 0.906432 0.906686 0.00120547 0.00177559
20653 317734 139178 152 178404 10571.7 13484.2 0.906806 0.906216 -0.00280505 0.00178816
20655 318285 168830 535 148920 12840.1 11334.6 0.907665 0.906916 -2.93627e-05 0.00177751
20656 317551 168535 525 148491 12778.4 11282.4 0.909146 0.907472 0.000130896 0.0017796
20657 316630 145718 843 170069 11057.2 12952.7 0.908529 0.906713 0.000846721 0.00178483
20658 319093 134142 529 184422 10175.6 13928.2 0.908053 0.90809 -0.0021791 0.00179423
20659 319413 153323 552 165538 11702.4 12527.9 0.908163 0.908392 -0.00411788 0.00177219
20660 319484 174542 542 144400 13189.2 10946.5 0.90862 0.908655 0.00162035 0.00177865
20662 318722 155494 547 162681 11789 12329.5 0.907944 0.907802 -0.000255422 0.00177328
20663 317772 150263 542 166967 11445.4 12664.7 0.907269 0.909049 -0.00110768 0.00177793
20664 317074 155509 566 160999 11815 12207.8 0.907396 0.908783 -0.000230695 0.00177776
20665 318773 155264 799 162710 11787.2 12325.6 0.908163 0.907486 -0.0014618 0.00177387
20666 317962 179202 548 138212 13649.4 10426.4 0.909234 0.908113 -0.00543481 0.00178989
20667 317963 197285 303 120375 15031.7 9111.11 0.907801 0.909243 -0.00252042 0.00182866
20668 318137 157430 756 159951 11966.2 12183.6 0.907221 0.908374 0.00169403 0.0017751
20669 316391 146333 531 169527 11126.7 12853.1 0.903383 0.90753 0.000841582 0.00178413
20670 319001 147673 543 170785 11218.4 12999 0.907022 0.903633 -0.000917618 0.00177673
20671 318790 173974 848 143968 13206.8 10924 0.906263 0.907682 0.000552409 0.00178143
20672 253248 110464 301 142483 8396.11 10833.1 0.906254 0.907933 0.00107708 0.00200444
20673 317449 183791 476 133182 13975.9 10123 0.906202 0.907667 0.00058393 0.00179927
20674 318340 158090 534 159716 12032.6 12138.7 0.905987 0.905933 -0.000756398 0.00177388
20682 319405 143903 539 174963 10942.1 13221 0.90668 0.905846 -0.003581 0.00177935
20683 210987 96327 508 114152 7316.46 8674.97 0.907445 0.90674 -0.000122876 0.00218755
20684 313744 226136 514 87094 17126.6 6566.88 0.90648 0.907367 -0.0017326 0.00199398
20685 318794 156774 483 161537 11827.9 12277.9 0.906652 0.906548 0.00364752 0.00177263
20686 319444 150925 566 167953 11484.3 12716.9 0.906604 0.906303 -0.00264053 0.00177339
20687 318641 150661 508 167472 11447.8 12734.6 0.906609 0.905499 -0.000243938 0.00177543
20688 319038 144831 517 173690 10989.3 13193.5 0.907089 0.906374 0.00015366 0.00177918
20689 318398 182254 307 135837 13776 10260.9 0.907873 0.906629 -0.00100402 0.00179225
20691 320110 159779 519 159812 12121.3 12117.7 0.906333 0.905979 -0.000448119 0.0017689
20692 318202 158408 526 159268 12054.3 12127.8 0.906989 0.905812 -0.000314914 0.00177423
20693 316525 177647 265 138613 13520.3 10534.5 0.907526 0.906376 -0.00134441 0.00179189
20694 318974 174447 517 144010 13326.5 10890.8 0.90672 0.906562 -0.00513434 0.00178015
20695 319020 150339 800 167881 11421.8 12636.5 0.907354 0.907824 -0.00438712 0.00177537
20696 319152 144004 438 174710 10965.7 13185.3 0.907656 0.907874 -0.00435963 0.00177957
20698 318365 160084 779 157502 12186 11957.5 0.908139 0.90918 -0.000758281 0.00177453
20699 319222 175047 268 143907 13286.9 10938.2 0.908292 0.908725 0.000924716 0.00177916
20700 318447 188016 401 130030 14275.7 9828.75 0.908374 0.90988 -0.00141503 0.00180341
20702 317950 151731 507 165712 11520.5 12547.1 0.90798 0.909703 -0.000445033 0.0017766
20703 314152 164981 621 148550 12504.8 11216.5 0.909679 0.908877 -0.00235354 0.00178836
20706 317804 176711 561 140532 13479.3 10656.4 0.908387 0.908591 -0.00284491 0.00178708
20709 319770 141253 376 178141 10689.9 13492.9 0.908922 0.907389 -0.000423189 0.00178136
20710 316463 224288 406 91769 17013.8 6915.66 0.903576 0.907541 -0.00110049 0.0019593
20712 320101 179235 782 140084 13539 10628 0.909217 0.908062 0.00155236 0.0017831
20713 319335 163736 519 155080 12450.5 11762.6 0.908704 0.907331 -0.00201738 0.00177169
20714 319334 168321 549 150464 12769.5 11389.9 0.908426 0.907765 -0.00145537 0.00177391
20715 318135 173203 641 144291 13186.4 10949.2 0.909076 0.908115 -0.00217059 0.00178213
20716 317570 138011 554 179005 10517.5 13585.1 0.908447 0.908132 -0.00224899 0.0017911
20717 317517 113205 522 203790 8583.22 15366.5 0.909483 0.909516 -0.00273591 0.0018534
20719 318585 145647 536 172402 11014.3 13013.1 0.909841 0.909606 -0.00107 0.00177949
20720 317833 194251 245 123337 14662.7 9306.32 0.910392 0.907527 -0.00176585 0.00182042
20721 319573 173313 499 145761 13132.4 11028.8 0.90913 0.907818 -0.00144605 0.00177696
20722 318032 138139 363 179530 10421.2 13573.1 0.910664 0.9095 0.000444354 0.0017895
20723 318778 140099 488 178191 10595.7 13425.2 0.910078 0.909502 -0.00222509 0.00178533
20724 318988 153528 702 164758 11579.6 12415.3 0.910801 0.911504 -7.26942e-05 0.00177362
20725 318298 176641 457 141200 13372.8 10664.6 0.910323 0.911272 -0.000655187 0.00178489
20727 316904 169176 788 146940 12825.3 11093.2 0.907495 0.909943 -0.000739766 0.00178301
20729 318405 176607 511 141287 13379.9 10712.7 0.90812 0.908649 0.000699831 0.00178466
20730 249479 133354 492 115633 10156.5 8739.48 0.907803 0.910755 -0.00221527 0.00200915
20738 319654 159588 556 159510 12097.6 12098.8 0.909839 0.907658 -0.000907764 0.00177026
20739 318889 182747 519 135623 13867.2 10195.3 0.908846 0.909301 -0.00443977 0.00179199
20740 318364 154243 457 163664 11737.2 12353.8 0.907553 0.908034 -0.0037806 0.00177433
20741 319268 152844 552 165872 11621.8 12569.5 0.908405 0.908748 -0.00151581 0.0017728
20745 316935 177876 505 138554 13543.1 10487.1 0.909297 0.909143 -0.00303514 0.00179158
20746 320100 169418 558 150124 12870.3 11331.1 0.90939 0.909566 -0.00313634 0.00177225
20749 245000 116731 504 127765 8868.87 9651.99 0.909234 0.910713 -0.00203924 0.00202444
20750 317861 172870 525 144466 13084.5 10966.6 0.910554 0.909436 0.000850572 0.00178232
20751 313607 87210 594 225803 6598.14 17024.5 0.912235 0.910192 -0.00286066 0.00199342
20752 316821 186980 13 129828 14189.4 9837.76 0.910479 0.910259 -0.000859279 0.00180628
20754 319523 179854 516 139153 13696.8 10531.6 0.908884 0.909755 -0.00262607 0.00178509
20755 319690 159040 810 159840 12052.2 12132.4 0.909293 0.909452 0.000894422 0.00177087
20756 319736 158311 502 160923 12084.6 12147.2 0.908988 0.910017 -0.00503262 0.0017699
20757 318302 102902 521 214879 7755.1 16286.3 0.909973 0.907662 0.00156768 0.0018955
20759 185826 148585 256 36985 11234.5 2830.82 0.908334 0.907867 0.00585392 0.00290542
20894 219478 49532 0 169946 1171.4 3986.95 0.468713 0.470465 -0.00215371 0.00219864
20895 1.05165e+06 417129 2878 631643 5927.88 8943.74 0.754664 0.755789 -0.00107573 0.00099756
20901 841524 332420 1865 507239 4591.93 7031.86 0.766604 0.763031 -0.000552752 0.00111576
20922 1.06135e+06 531038 664 529647 7331.58 7348.53 0.771304 0.765054 -0.00160193 0.000970971
20924 1.06022e+06 523310 933 535979 7252.02 7446.6 0.767712 0.76444 -0.000857178 0.000971681
20925 1.06177e+06 564786 1868 495118 7821.71 6839.83 0.766449 0.766858 -0.000978414 0.000973434
20926 1.06126e+06 538322 1882 521059 7433.9 7212.23 0.768079 0.766952 0.000425953 0.000971698
20928 1.06782e+06 494415 1792 571608 6796.13 7879.35 0.770603 0.768234 -0.000132285 0.000971087
20931 1.05382e+06 730127 1840 321849 10115 4446.54 0.765111 0.764163 -0.00199637 0.0010579
20938 735133 557042 1996 176095 6862.4 2162.04 0.860432 0.859888 -0.00200949 0.00136692
20961 1.19478e+06 641119 1079 552579 7818.54 6772.92 0.859493 0.854092 -0.000625626 0.000917805
20962 1.1928e+06 672342 1113 519348 8238.34 6353.31 0.856951 0.856518 -0.00106752 0.000923691
20963 1.19019e+06 421180 3144 765862 5174.62 9372.74 0.856235 0.857418 -0.00126055 0.000959165
20964 1.19761e+06 633474 2107 562026 7799 6919.5 0.853676 0.85537 0.00100044 0.000916224
20967 1.19457e+06 599094 1004 594475 7472.16 7382.6 0.855684 0.855758 -0.00211611 0.00091533
20968 1.19317e+06 657301 2290 533581 8186.6 6607.9 0.856646 0.856893 -0.00270628 0.000921338
20969 1.19478e+06 606977 1978 585821 7533.13 7280.86 0.857426 0.856152 -3.58529e-05 0.000915767
20971 1.19546e+06 638526 2032 554907 7977.7 6879.84 0.853912 0.856326 -0.00243462 0.000917629
20972 1.19287e+06 611468 1982 579419 7591.69 7172.65 0.857157 0.858434 -0.000726577 0.000916689
20975 1.19215e+06 685740 3164 503244 8549.7 6242.75 0.853802 0.85729 -0.000486818 0.000928087
20978 349855 183992 1041 164822 2288.4 2046.27 0.85343 0.855053 4.40221e-05 0.00169574
20979 1.18911e+06 658159 2004 528950 8169.11 6563.55 0.854682 0.855183 0.000155536 0.000923299
20982 1.19299e+06 618427 2089 572471 7695.48 7135.98 0.851631 0.850803 0.000380142 0.000917036
21002 1.19269e+06 635476 2011 555200 7908.7 6890.8 0.855514 0.855695 -0.00125889 0.000918527
21003 581652 214490 1037 366125 2663.17 4562.45 0.85407 0.852729 0.00103026 0.00135955
21004 1.19156e+06 604610 2116 584837 7522.24 7286.08 0.853981 0.852536 -0.00017117 0.000917038
21005 1.19095e+06 644885 2093 543972 8032.38 6750.04 0.853751 0.854223 -0.00160232 0.000920459
