############ LEFT VDC #########################
No of Crate, Slot, First, Last chans
[ L.vdc.u1 ]
3       7       0      95                  U1: u1cr1, u1sl1, u1cf1, u1cl1
3       8       0      95                  ~~~ u1cr2, u1sl2, u1cf2, u1cl2
3       9       0      95                      u1cr3, u1sl3, u1cf3, u1cl3
3       10       0      79                      u1cr4, u1sl4, u1cf4, u1cl4
0.0  0.77852 -.0042426 -45.0                   z, wbeg, wspac, wangle (m)
49.28e3                                        Drift velocity (m/s)
TDC Offset Values
   1 1788.8    2 1788.8    3 1788.8    4 1788.8    5 1788.8    6 1788.8    7 1788.8    8 1788.8
   9 1788.8   10 1788.8   11 1788.8   12 1788.8   13 1788.8   14 1788.8   15 1788.8   16 1788.8
  17 1786.8   18 1786.8   19 1786.8   20 1786.8   21 1786.8   22 1786.8   23 1786.8   24 1786.8
  25 1786.8   26 1786.8   27 1786.8   28 1786.8   29 1786.8   30 1786.8   31 1786.8   32 1786.8
  33 1788.5   34 1788.5   35 1788.5   36 1788.5   37 1788.5   38 1788.5   39 1788.5   40 1788.5
  41 1788.5   42 1788.5   43 1788.5   44 1788.5   45 1788.5   46 1788.5   47 1788.5   48 1788.5
  49 1784.0   50 1784.0   51 1784.0   52 1784.0   53 1784.0   54 1784.0   55 1784.0   56 1784.0
  57 1784.0   58 1784.0   59 1784.0   60 1784.0   61 1784.0   62 1784.0   63 1784.0   64 1784.0
  65 1786.0   66 1786.0   67 1786.0   68 1786.0   69 1786.0   70 1786.0   71 1786.0   72 1786.0
  73 1786.0   74 1786.0   75 1786.0   76 1786.0   77 1786.0   78 1786.0   79 1786.0   80 1786.0
  81 1787.2   82 1787.2   83 1787.2   84 1787.2   85 1787.2   86 1787.2   87 1787.2   88 1787.2
  89 1787.2   90 1787.2   91 1787.2   92 1787.2   93 1787.2   94 1787.2   95 1787.2   96 1787.2
  97 1791.3   98 1791.3   99 1791.3  100 1791.3  101 1791.3  102 1791.3  103 1791.3  104 1791.3
 105 1791.3  106 1791.3  107 1791.3  108 1791.3  109 1791.3  110 1791.3  111 1791.3  112 1791.3
 113 1790.1  114 1790.1  115 1790.1  116 1790.1  117 1790.1  118 1790.1  119 1790.1  120 1790.1
 121 1790.1  122 1790.1  123 1790.1  124 1790.1  125 1790.1  126 1790.1  127 1790.1  128 1790.1
 129 1790.1  130 1790.1  131 1790.1  132 1790.1  133 1790.1  134 1790.1  135 1790.1  136 1790.1
 137 1790.1  138 1790.1  139 1790.1  140 1790.1  141 1790.1  142 1790.1  143 1790.1  144 1790.1
 145 1787.2  146 1787.2  147 1787.2  148 1787.2  149 1787.2  150 1787.2  151 1787.2  152 1787.2
 153 1787.2  154 1787.2  155 1787.2  156 1787.2  157 1787.2  158 1787.2  159 1787.2  160 1787.2
 161 1786.7  162 1786.7  163 1786.7  164 1786.7  165 1786.7  166 1786.7  167 1786.7  168 1786.7
 169 1786.7  170 1786.7  171 1786.7  172 1786.7  173 1786.7  174 1786.7  175 1786.7  176 1786.7
 177 1787.0  178 1787.0  179 1787.0  180 1787.0  181 1787.0  182 1787.0  183 1787.0  184 1787.0
 185 1787.0  186 1787.0  187 1787.0  188 1787.0  189 1787.0  190 1787.0  191 1787.0  192 1787.0
 193 1794.9  194 1794.9  195 1794.9  196 1794.9  197 1794.9  198 1794.9  199 1794.9  200 1794.9
 201 1794.9  202 1794.9  203 1794.9  204 1794.9  205 1794.9  206 1794.9  207 1794.9  208 1794.9
 209 1790.6  210 1790.6  211 1790.6  212 1790.6  213 1790.6  214 1790.6  215 1790.6  216 1790.6
 217 1790.6  218 1790.6  219 1790.6  220 1790.6  221 1790.6  222 1790.6  223 1790.6  224 1790.6
 225 1792.6  226 1792.6  227 1792.6  228 1792.6  229 1792.6  230 1792.6  231 1792.6  232 1792.6
 233 1792.6  234 1792.6  235 1792.6  236 1792.6  237 1792.6  238 1792.6  239 1792.6  240 1792.6
 241 1788.8  242 1788.8  243 1788.8  244 1788.8  245 1788.8  246 1788.8  247 1788.8  248 1788.8
 249 1788.8  250 1788.8  251 1788.8  252 1788.8  253 1788.8  254 1788.8  255 1788.8  256 1788.8
 257 1793.9  258 1793.9  259 1793.9  260 1793.9  261 1793.9  262 1793.9  263 1793.9  264 1793.9
 265 1793.9  266 1793.9  267 1793.9  268 1793.9  269 1793.9  270 1793.9  271 1793.9  272 1793.9
 273 1794.0  274 1794.0  275 1794.0  276 1794.0  277 1794.0  278 1794.0  279 1794.0  280 1794.0
 281 1794.0  282 1794.0  283 1794.0  284 1794.0  285 1794.0  286 1794.0  287 1794.0  288 1794.0
 289 1795.1  290 1795.1  291 1795.1  292 1795.1  293 1795.1  294 1795.1  295 1795.1  296 1795.1
 297 1795.1  298 1795.1  299 1795.1  300 1795.1  301 1795.1  302 1795.1  303 1795.1  304 1795.1
 305 1793.5  306 1793.5  307 1793.5  308 1793.5  309 1793.5  310 1793.5  311 1793.5  312 1793.5
 313 1793.5  314 1793.5  315 1793.5  316 1793.5  317 1793.5  318 1793.5  319 1793.5  320 1793.5
 321 1793.6  322 1793.6  323 1793.6  324 1793.6  325 1793.6  326 1793.6  327 1793.6  328 1793.6
 329 1793.6  330 1793.6  331 1793.6  332 1793.6  333 1793.6  334 1793.6  335 1793.6  336 1793.6
 337 1794.0  338 1794.0  339 1794.0  340 1794.0  341 1794.0  342 1794.0  343 1794.0  344 1794.0
 345 1794.0  346 1794.0  347 1794.0  348 1794.0  349 1794.0  350 1794.0  351 1794.0  352 1794.0
 353 1794.8  354 1794.8  355 1794.8  356 1794.8  357 1794.8  358 1794.8  359 1794.8  360 1794.8
 361 1794.8  362 1794.8  363 1794.8  364 1794.8  365 1794.8  366 1794.8  367 1794.8  368 1794.8
 357 1791.3  358 1791.3  359 1791.3  360 1791.3
 361 1791.3  362 1791.3  363 1791.3  364 1791.3  365 1791.3  366 1791.3  367 1791.3  368 1791.3
TTD Lookup Table
-2.350e-08
745
 0.0047  0.0104  0.0171  0.0247  0.0333  0.0430  0.0534  0.0647  0.0771  0.0895
 0.1035  0.1177  0.1336  0.1503  0.1692  0.1895  0.2120  0.2356  0.2628  0.2919
 0.3238  0.3571  0.3934  0.4305  0.4692  0.5094  0.5550  0.5981  0.6427  0.6859
 0.7318  0.7763  0.8221  0.8665  0.9132  0.9580  1.0034  1.0467  1.0922  1.1360
 1.1822  1.2263  1.2721  1.3167  1.3620  1.4060  1.4513  1.4957  1.5404  1.5840
 1.6299  1.6728  1.7178  1.7617  1.8074  1.8515  1.8962  1.9399  1.9847  2.0286
 2.0736  2.1172  2.1622  2.2051  2.2496  2.2923  2.3369  2.3796  2.4231  2.4645
 2.5080  2.5497  2.5920  2.6332  2.6748  2.7150  2.7553  2.7945  2.8341  2.8721
 2.9112  2.9483  2.9862  3.0229  3.0594  3.0942  3.1294  3.1632  3.1974  3.2302
 3.2636  3.2952  3.3265  3.3567  3.3878  3.4181  3.4471  3.4752  3.5038  3.5303
 3.5575  3.5838  3.6105  3.6367  3.6628  3.6884  3.7178  3.7444  3.7717  3.7981
 3.8258  3.8531  3.8813  3.9084  3.9363  3.9632  3.9906  4.0172  4.0447  4.0714
 4.0989  4.1254  4.1528  4.1792  4.2057  4.2313  4.2587  4.2848  4.3114  4.3364
 4.3637  4.3893  4.4153  4.4407  4.4669  4.4915  4.5173  4.5421  4.5679  4.5927
 4.6183  4.6431  4.6685  4.6930  4.7178  4.7419  4.7674  4.7917  4.8168  4.8405
 4.8652  4.8889  4.9133  4.9369  4.9620  4.9862  5.0110  5.0349  5.0593  5.0828
 5.1073  5.1311  5.1554  5.1792  5.2032  5.2266  5.2509  5.2741  5.2980  5.3212
 5.3455  5.3692  5.3935  5.4170  5.4413  5.4651  5.4896  5.5123  5.5367  5.5599
 5.5836  5.6062  5.6299  5.6532  5.6772  5.7001  5.7267  5.7504  5.7738  5.7967
 5.8200  5.8429  5.8661  5.8898  5.9139  5.9368  5.9607  5.9837  6.0070  6.0301
 6.0533  6.0761  6.0989  6.1216  6.1447  6.1670  6.1897  6.2125  6.2352  6.2574
 6.2797  6.3022  6.3251  6.3470  6.3693  6.3911  6.4131  6.4353  6.4580  6.4798
 6.5020  6.5239  6.5460  6.5680  6.5905  6.6128  6.6350  6.6580  6.6810  6.7033
 6.7266  6.7492  6.7721  6.7949  6.8189  6.8426  6.8661  6.8897  6.9135  6.9374
 6.9607  6.9840  7.0076  7.0313  7.0549  7.0785  7.1031  7.1266  7.1509  7.1735
 7.1972  7.2204  7.2445  7.2679  7.2915  7.3148  7.3383  7.3616  7.3858  7.4092
 7.4329  7.4568  7.4801  7.5035  7.5271  7.5505  7.5766  7.5996  7.6222  7.6453
 7.6682  7.6916  7.7146  7.7374  7.7609  7.7843  7.8076  7.8307  7.8543  7.8774
 7.9004  7.9231  7.9469  7.9698  7.9931  8.0164  8.0394  8.0622  8.0849  8.1079
 8.1310  8.1539  8.1770  8.2002  8.2231  8.2466  8.2694  8.2929  8.3160  8.3393
 8.3621  8.3851  8.4079  8.4311  8.4534  8.4767  8.5001  8.5234  8.5462  8.5685
 8.5912  8.6141  8.6371  8.6597  8.6823  8.7047  8.7280  8.7508  8.7731  8.7955
 8.8183  8.8412  8.8642  8.8875  8.9103  8.9331  8.9560  8.9788  9.0017  9.0247
 9.0474  9.0705  9.0937  9.1161  9.1386  9.1607  9.1836  9.2058  9.2280  9.2506
 9.2729  9.2951  9.3177  9.3404  9.3629  9.3854  9.4099  9.4324  9.4547  9.4777
 9.5000  9.5226  9.5445  9.5671  9.5892  9.6117  9.6334  9.6554  9.6774  9.6995
 9.7220  9.7446  9.7666  9.7888  9.8105  9.8332  9.8564  9.8794  9.9017  9.9246
 9.9464  9.9693  9.9917 10.0145 10.0373 10.0598 10.0820 10.1048 10.1274 10.1504
10.1730 10.1960 10.2187 10.2418 10.2639 10.2868 10.3099 10.3334 10.3562 10.3790
10.4018 10.4246 10.4472 10.4705 10.4935 10.5171 10.5392 10.5618 10.5845 10.6078
10.6300 10.6531 10.6755 10.6987 10.7214 10.7439 10.7662 10.7886 10.8107 10.8335
10.8557 10.8787 10.9008 10.9234 10.9457 10.9690 10.9913 11.0141 11.0365 11.0592
11.0813 11.1045 11.1271 11.1500 11.1721 11.1950 11.2191 11.2423 11.2645 11.2873
11.3093 11.3322 11.3544 11.3773 11.3994 11.4229 11.4445 11.4676 11.4897 11.5123
11.5344 11.5574 11.5793 11.6020 11.6240 11.6468 11.6681 11.6905 11.7124 11.7354
11.7576 11.7806 11.8025 11.8252 11.8471 11.8702 11.8925 11.9151 11.9370 11.9597
11.9822 12.0044 12.0264 12.0490 12.0709 12.0934 12.1152 12.1381 12.1601 12.1828
12.2044 12.2271 12.2491 12.2712 12.2934 12.3162 12.3380 12.3604 12.3822 12.4050
12.4271 12.4493 12.4711 12.4938 12.5157 12.5379 12.5598 12.5821 12.6037 12.6260
12.6479 12.6709 12.6922 12.7152 12.7370 12.7591 12.7807 12.8028 12.8254 12.8479
12.8698 12.8916 12.9136 12.9368 12.9589 12.9813 13.0075 13.0303 13.0521 13.0748
13.0964 13.1193 13.1401 13.1630 13.1846 13.2074 13.2288 13.2518 13.2734 13.2960
13.3181 13.3407 13.3626 13.3853 13.4071 13.4295 13.4514 13.4740 13.4955 13.5181
13.5395 13.5624 13.5843 13.6068 13.6287 13.6510 13.6726 13.6956 13.7171 13.7400
13.7615 13.7843 13.8060 13.8287 13.8507 13.8734 13.8952 13.9180 13.9398 13.9622
13.9839 14.0067 14.0276 14.0500 14.0716 14.0936 14.1149 14.1375 14.1586 14.1807
14.2020 14.2239 14.2448 14.2668 14.2876 14.3093 14.3298 14.3521 14.3724 14.3937
14.4140 14.4347 14.4543 14.4748 14.4938 14.5132 14.5318 14.5520 14.5702 14.5893
14.6069 14.6259 14.6435 14.6613 14.6777 14.6952 14.7126 14.7290 14.7442 14.7600
14.7747 14.7896 14.8033 14.8178 14.8307 14.8447 14.8574 14.8702 14.8825 14.8943
14.9054 14.9164 14.9269 14.9376 14.9474 14.9569 14.9660 14.9748 14.9827 14.9908
14.9980 15.0056 15.0122 15.0189 15.0248 15.0312 15.0368 15.0422 15.0473 15.0523
15.0568 15.0610 15.0650 15.0689 15.0724 15.0761 15.0792 15.0822 15.0849 15.0875
15.0898 15.0922 15.0942 15.0962 15.0980 15.0997 15.1012 15.1026 15.1037 15.1049
15.1059 15.1070 15.1078 15.1086 15.1094 15.1101 15.1107 15.1114 15.1118 15.1124
15.1129 15.1132 15.1135 15.1138 15.1141 15.1144 15.1146 15.1149 15.1151 15.1153
15.1155 15.1156 15.1158 15.1160 15.1161 15.1162 15.1163 15.1164 15.1165 15.1166
15.1167 15.1168 15.1169 15.1169 15.1170 15.1171 15.1172 15.1172 15.1173 15.1174
15.1174 15.1175 15.1175 15.1176 15.1176 15.1176 15.1177 15.1177 15.1178 15.1178
15.1179 15.1179 15.1180 
[ L.vdc.v1 ]
3      19       0      95                  V1: v1cr1, v1sl1, v1cf1, v1cl1
3      20       0      95                      v1cr2, v1sl2, v1cf2, v1cl2
3      21       0      95                      v1cr3, v1sl3, v1cf3, v1cl3
3      22       0      79                      v1cr4, v1sl4, v1cf4, v1cl4
0.026  0.77852 -.0042426 45.0                  z, wbeg, wspac, wangle (m)
49.13e3                                        Drift velocity (m/s)
TDC Offset Values
   1 1794.1    2 1794.1    3 1794.1    4 1794.1    5 1794.1    6 1794.1    7 1794.1    8 1794.1
   9 1794.1   10 1794.1   11 1794.1   12 1794.1   13 1794.1   14 1794.1   15 1794.1   16 1794.1
  17 1792.3   18 1792.3   19 1792.3   20 1792.3   21 1792.3   22 1792.3   23 1792.3   24 1792.3
  25 1792.3   26 1792.3   27 1792.3   28 1792.3   29 1792.3   30 1792.3   31 1792.3   32 1792.3
  33 1793.3   34 1793.3   35 1793.3   36 1793.3   37 1793.3   38 1793.3   39 1793.3   40 1793.3
  41 1793.3   42 1793.3   43 1793.3   44 1793.3   45 1793.3   46 1793.3   47 1793.3   48 1793.3
  49 1792.7   50 1792.7   51 1792.7   52 1792.7   53 1792.7   54 1792.7   55 1792.7   56 1792.7
  57 1792.7   58 1792.7   59 1792.7   60 1792.7   61 1792.7   62 1792.7   63 1792.7   64 1792.7
  65 1794.8   66 1794.8   67 1794.8   68 1794.8   69 1794.8   70 1794.8   71 1794.8   72 1794.8
  73 1794.8   74 1794.8   75 1794.8   76 1794.8   77 1794.8   78 1794.8   79 1794.8   80 1794.8
  81 1792.6   82 1792.6   83 1792.6   84 1792.6   85 1792.6   86 1792.6   87 1792.6   88 1792.6
  89 1792.6   90 1792.6   91 1792.6   92 1792.6   93 1792.6   94 1792.6   95 1792.6   96 1792.6
  97 1798.9   98 1798.9   99 1798.9  100 1798.9  101 1798.9  102 1798.9  103 1798.9  104 1798.9
 105 1798.9  106 1798.9  107 1798.9  108 1798.9  109 1798.9  110 1798.9  111 1798.9  112 1798.9
 113 1798.4  114 1798.4  115 1798.4  116 1798.4  117 1798.4  118 1798.4  119 1798.4  120 1798.4
 121 1798.4  122 1798.4  123 1798.4  124 1798.4  125 1798.4  126 1798.4  127 1798.4  128 1798.4
 129 1797.3  130 1797.3  131 1797.3  132 1797.3  133 1797.3  134 1797.3  135 1797.3  136 1797.3
 137 1797.3  138 1797.3  139 1797.3  140 1797.3  141 1797.3  142 1797.3  143 1797.3  144 1797.3
 145 1794.9  146 1794.9  147 1794.9  148 1794.9  149 1794.9  150 1794.9  151 1794.9  152 1794.9
 153 1794.9  154 1794.9  155 1794.9  156 1794.9  157 1794.9  158 1794.9  159 1794.9  160 1794.9
 161 1795.9  162 1795.9  163 1795.9  164 1795.9  165 1795.9  166 1795.9  167 1795.9  168 1795.9
 169 1795.9  170 1795.9  171 1795.9  172 1795.9  173 1795.9  174 1795.9  175 1795.9  176 1795.9
 177 1794.9  178 1794.9  179 1794.9  180 1794.9  181 1794.9  182 1794.9  183 1794.9  184 1794.9
 185 1794.9  186 1794.9  187 1794.9  188 1794.9  189 1794.9  190 1794.9  191 1794.9  192 1794.9
 193 1797.2  194 1797.2  195 1797.2  196 1797.2  197 1797.2  198 1797.2  199 1797.2  200 1797.2
 201 1797.2  202 1797.2  203 1797.2  204 1797.2  205 1797.2  206 1797.2  207 1797.2  208 1797.2
 209 1797.3  210 1797.3  211 1797.3  212 1797.3  213 1797.3  214 1797.3  215 1797.3  216 1797.3
 217 1797.3  218 1797.3  219 1797.3  220 1797.3  221 1797.3  222 1797.3  223 1797.3  224 1797.3
 225 1796.9  226 1796.9  227 1796.9  228 1796.9  229 1796.9  230 1796.9  231 1796.9  232 1796.9
 233 1796.9  234 1796.9  235 1796.9  236 1796.9  237 1796.9  238 1796.9  239 1796.9  240 1796.9
 241 1797.9  242 1797.9  243 1797.9  244 1797.9  245 1797.9  246 1797.9  247 1797.9  248 1797.9
 249 1797.9  250 1797.9  251 1797.9  252 1797.9  253 1797.9  254 1797.9  255 1797.9  256 1797.9
 257 1800.4  258 1800.4  259 1800.4  260 1800.4  261 1800.4  262 1800.4  263 1800.4  264 1800.4
 265 1800.4  266 1800.4  267 1800.4  268 1800.4  269 1800.4  270 1800.4  271 1800.4  272 1800.4
 273 1800.2  274 1800.2  275 1800.2  276 1800.2  277 1800.2  278 1800.2  279 1800.2  280 1800.2
 281 1800.2  282 1800.2  283 1800.2  284 1800.2  285 1800.2  286 1800.2  287 1800.2  288 1800.2
 289 1805.3  290 1805.3  291 1805.3  292 1805.3  293 1805.3  294 1805.3  295 1805.3  296 1805.3
 297 1805.3  298 1805.3  299 1805.3  300 1805.3  301 1805.3  302 1805.3  303 1805.3  304 1805.3
 305 1802.9  306 1802.9  307 1802.9  308 1802.9  309 1802.9  310 1802.9  311 1802.9  312 1802.9
 313 1802.9  314 1802.9  315 1802.9  316 1802.9  317 1802.9  318 1802.9  319 1802.9  320 1802.9
 321 1805.1  322 1805.1  323 1805.1  324 1805.1  325 1805.1  326 1805.1  327 1805.1  328 1805.1
 329 1805.1  330 1805.1  331 1805.1  332 1805.1  333 1805.1  334 1805.1  335 1805.1  336 1805.1
 337 1803.5  338 1803.5  339 1803.5  340 1803.5  341 1803.5  342 1803.5  343 1803.5  344 1803.5
 345 1803.5  346 1803.5  347 1803.5  348 1803.5  349 1803.5  350 1803.5  351 1803.5  352 1803.5
 353 1787.3  354 1787.3  355 1787.3  356 1787.3  357 1787.3  358 1787.3  359 1787.3  360 1787.3
 361 1787.3  362 1787.3  363 1787.3  364 1787.3  365 1787.3  366 1787.3  367 1787.3  368 1787.3
TTD Lookup Table
-2.250e-08
743
 0.0053  0.0112  0.0178  0.0249  0.0331  0.0419  0.0516  0.0622  0.0729  0.0849
 0.0975  0.1103  0.1240  0.1393  0.1558  0.1741  0.1941  0.2164  0.2401  0.2667
 0.2950  0.3263  0.3589  0.3933  0.4354  0.4737  0.5131  0.5538  0.5952  0.6378
 0.6799  0.7225  0.7662  0.8097  0.8530  0.8969  0.9412  0.9849  1.0288  1.0729
 1.1171  1.1624  1.2064  1.2514  1.2958  1.3410  1.3862  1.4309  1.4762  1.5216
 1.5664  1.6105  1.6551  1.7003  1.7447  1.7898  1.8353  1.8807  1.9256  1.9700
 2.0150  2.0601  2.1035  2.1474  2.1912  2.2351  2.2780  2.3205  2.3643  2.4085
 2.4497  2.4909  2.5329  2.5750  2.6161  2.6573  2.6972  2.7370  2.7753  2.8138
 2.8517  2.8893  2.9271  2.9632  2.9993  3.0355  3.0697  3.1034  3.1367  3.1697
 3.2021  3.2338  3.2644  3.2948  3.3238  3.3529  3.3811  3.4089  3.4358  3.4629
 3.4894  3.5159  3.5421  3.5685  3.5967  3.6230  3.6503  3.6765  3.7034  3.7304
 3.7574  3.7849  3.8123  3.8401  3.8677  3.8944  3.9214  3.9483  3.9746  4.0007
 4.0272  4.0545  4.0803  4.1057  4.1318  4.1583  4.1839  4.2099  4.2357  4.2615
 4.2870  4.3121  4.3378  4.3631  4.3875  4.4122  4.4373  4.4626  4.4877  4.5126
 4.5374  4.5629  4.5876  4.6124  4.6370  4.6615  4.6861  4.7103  4.7353  4.7595
 4.7837  4.8082  4.8324  4.8566  4.8801  4.9035  4.9274  4.9514  4.9754  4.9994
 5.0234  5.0471  5.0712  5.0952  5.1189  5.1427  5.1664  5.1900  5.2134  5.2376
 5.2609  5.2845  5.3088  5.3331  5.3566  5.3806  5.4046  5.4288  5.4521  5.4750
 5.4991  5.5229  5.5462  5.5699  5.5972  5.6205  5.6436  5.6669  5.6906  5.7139
 5.7374  5.7603  5.7845  5.8077  5.8311  5.8536  5.8770  5.8992  5.9221  5.9443
 5.9676  5.9905  6.0137  6.0356  6.0587  6.0813  6.1041  6.1258  6.1481  6.1702
 6.1926  6.2147  6.2372  6.2592  6.2816  6.3039  6.3264  6.3487  6.3716  6.3931
 6.4158  6.4378  6.4607  6.4826  6.5054  6.5283  6.5514  6.5737  6.5972  6.6201
 6.6437  6.6664  6.6903  6.7134  6.7370  6.7602  6.7849  6.8080  6.8317  6.8547
 6.8788  6.9027  6.9270  6.9507  6.9744  6.9977  7.0217  7.0450  7.0689  7.0925
 7.1162  7.1390  7.1633  7.1862  7.2097  7.2331  7.2568  7.2798  7.3037  7.3274
 7.3515  7.3749  7.3988  7.4217  7.4479  7.4711  7.4943  7.5177  7.5416  7.5652
 7.5889  7.6122  7.6356  7.6586  7.6820  7.7052  7.7290  7.7519  7.7750  7.7981
 7.8213  7.8446  7.8672  7.8905  7.9140  7.9371  7.9605  7.9831  8.0065  8.0294
 8.0529  8.0760  8.1000  8.1223  8.1452  8.1681  8.1913  8.2139  8.2370  8.2607
 8.2841  8.3071  8.3298  8.3520  8.3757  8.3978  8.4209  8.4432  8.4667  8.4887
 8.5113  8.5342  8.5571  8.5804  8.6033  8.6259  8.6492  8.6720  8.6955  8.7182
 8.7411  8.7640  8.7869  8.8089  8.8320  8.8557  8.8782  8.9007  8.9237  8.9467
 8.9698  8.9918  9.0149  9.0375  9.0603  9.0826  9.1050  9.1279  9.1506  9.1724
 9.1953  9.2174  9.2403  9.2625  9.2879  9.3105  9.3335  9.3559  9.3789  9.4012
 9.4235  9.4456  9.4686  9.4906  9.5133  9.5350  9.5576  9.5801  9.6026  9.6252
 9.6475  9.6703  9.6929  9.7152  9.7380  9.7606  9.7829  9.8055  9.8287  9.8520
 9.8747  9.8970  9.9199  9.9427  9.9660  9.9881 10.0112 10.0344 10.0570 10.0793
10.1022 10.1241 10.1472 10.1691 10.1921 10.2146 10.2374 10.2605 10.2834 10.3059
10.3288 10.3511 10.3744 10.3971 10.4200 10.4425 10.4658 10.4889 10.5117 10.5340
10.5571 10.5799 10.6027 10.6252 10.6487 10.6715 10.6938 10.7164 10.7394 10.7628
10.7861 10.8081 10.8309 10.8535 10.8763 10.8986 10.9220 10.9445 10.9674 10.9899
11.0127 11.0354 11.0582 11.0803 11.1037 11.1266 11.1489 11.1711 11.1942 11.2164
11.2391 11.2614 11.2847 11.3072 11.3298 11.3520 11.3752 11.3973 11.4202 11.4425
11.4655 11.4876 11.5100 11.5318 11.5547 11.5771 11.5999 11.6218 11.6444 11.6664
11.6887 11.7104 11.7332 11.7554 11.7782 11.8002 11.8226 11.8451 11.8679 11.8896
11.9125 11.9347 11.9573 11.9794 12.0022 12.0249 12.0476 12.0696 12.0918 12.1145
12.1368 12.1584 12.1812 12.2034 12.2259 12.2477 12.2706 12.2927 12.3154 12.3375
12.3598 12.3817 12.4039 12.4264 12.4493 12.4714 12.4948 12.5165 12.5390 12.5613
12.5840 12.6057 12.6281 12.6504 12.6729 12.6950 12.7177 12.7397 12.7623 12.7843
12.8066 12.8290 12.8518 12.8739 12.8999 12.9218 12.9447 12.9668 12.9894 13.0112
13.0336 13.0556 13.0785 13.1004 13.1232 13.1450 13.1681 13.1900 13.2127 13.2343
13.2573 13.2794 13.3021 13.3242 13.3471 13.3692 13.3925 13.4148 13.4373 13.4592
13.4816 13.5037 13.5267 13.5487 13.5717 13.5938 13.6168 13.6388 13.6612 13.6832
13.7063 13.7289 13.7514 13.7736 13.7962 13.8189 13.8418 13.8635 13.8859 13.9076
13.9300 13.9517 13.9744 13.9961 14.0186 14.0405 14.0637 14.0852 14.1081 14.1302
14.1527 14.1746 14.1962 14.2177 14.2399 14.2614 14.2833 14.3047 14.3264 14.3477
14.3690 14.3897 14.4107 14.4311 14.4517 14.4716 14.4922 14.5118 14.5316 14.5508
14.5703 14.5891 14.6081 14.6261 14.6460 14.6636 14.6814 14.6985 14.7156 14.7321
14.7487 14.7644 14.7807 14.7954 14.8104 14.8246 14.8386 14.8519 14.8651 14.8777
14.8901 14.9016 14.9132 14.9239 14.9346 14.9447 14.9544 14.9635 14.9727 14.9812
14.9898 14.9978 15.0055 15.0127 15.0195 15.0261 15.0325 15.0385 15.0440 15.0493
15.0547 15.0591 15.0633 15.0674 15.0711 15.0747 15.0780 15.0813 15.0840 15.0865
15.0892 15.0915 15.0938 15.0956 15.0976 15.0994 15.1009 15.1024 15.1037 15.1049
15.1060 15.1070 15.1080 15.1088 15.1097 15.1104 15.1111 15.1115 15.1121 15.1125
15.1130 15.1134 15.1137 15.1141 15.1144 15.1146 15.1149 15.1151 15.1152 15.1155
15.1156 15.1158 15.1159 15.1160 15.1162 15.1163 15.1164 15.1165 15.1166 15.1166
15.1167 15.1168 15.1168 15.1169 15.1169 15.1170 15.1170 15.1171 15.1171 15.1172
15.1173 15.1173 15.1173 15.1174 15.1174 15.1175 15.1175 15.1175 15.1176
[ L.vdc.u2 ]
3      3       0      95                  U2: u2cr1, u2sl1, u2cf1, u2cl1
3      4       0      95                  ~~~ u2cr2, u2sl2, u2cf2, u2cl2
3      5       0      95                      u2cr3, u2sl3, u2cf3, u2cl3
3      6       0      79                      u2cr4, u2sl4, u2cf4, u2cl4
0.3348 1.02718 -.0042426 -45.0                 z, wbeg, wspac, wangle (m)
49.73e3                                        Drift velocity (m/s)
TDC Offset Values
   1 1776.9    2 1776.9    3 1776.9    4 1776.9    5 1776.9    6 1776.9    7 1776.9    8 1776.9
   9 1776.9   10 1776.9   11 1776.9   12 1776.9   13 1776.9   14 1776.9   15 1776.9   16 1776.9
  17 1773.9   18 1773.9   19 1773.9   20 1773.9   21 1773.9   22 1773.9   23 1773.9   24 1773.9
  25 1773.9   26 1773.9   27 1773.9   28 1773.9   29 1773.9   30 1773.9   31 1773.9   32 1773.9
  33 1775.4   34 1775.4   35 1775.4   36 1775.4   37 1775.4   38 1775.4   39 1775.4   40 1775.4
  41 1775.4   42 1775.4   43 1775.4   44 1775.4   45 1775.4   46 1775.4   47 1775.4   48 1775.4
  49 1775.1   50 1775.1   51 1775.1   52 1775.1   53 1775.1   54 1775.1   55 1775.1   56 1775.1
  57 1775.1   58 1775.1   59 1775.1   60 1775.1   61 1775.1   62 1775.1   63 1775.1   64 1775.1
  65 1777.8   66 1777.8   67 1777.8   68 1777.8   69 1777.8   70 1777.8   71 1777.8   72 1777.8
  73 1777.8   74 1777.8   75 1777.8   76 1777.8   77 1777.8   78 1777.8   79 1777.8   80 1777.8
  81 1801.4   82 1801.4   83 1801.4   84 1801.4   85 1801.4   86 1801.4   87 1801.4   88 1801.4
  89 1801.4   90 1801.4   91 1801.4   92 1801.4   93 1801.4   94 1801.4   95 1801.4   96 1801.4
  97 1786.2   98 1786.2   99 1786.2  100 1786.2  101 1786.2  102 1786.2  103 1786.2  104 1786.2
 105 1786.2  106 1786.2  107 1786.2  108 1786.2  109 1786.2  110 1786.2  111 1786.2  112 1786.2
 113 1783.7  114 1783.7  115 1783.7  116 1783.7  117 1783.7  118 1783.7  119 1783.7  120 1783.7
 121 1783.7  122 1783.7  123 1783.7  124 1783.7  125 1783.7  126 1783.7  127 1783.7  128 1783.7
 129 1783.3  130 1783.3  131 1783.3  132 1783.3  133 1783.3  134 1783.3  135 1783.3  136 1783.3
 137 1783.3  138 1783.3  139 1783.3  140 1783.3  141 1783.3  142 1783.3  143 1783.3  144 1783.3
 145 1779.7  146 1779.7  147 1779.7  148 1779.7  149 1779.7  150 1779.7  151 1779.7  152 1779.7
 153 1779.7  154 1779.7  155 1779.7  156 1779.7  157 1779.7  158 1779.7  159 1779.7  160 1779.7
 161 1783.2  162 1783.2  163 1783.2  164 1783.2  165 1783.2  166 1783.2  167 1783.2  168 1783.2
 169 1783.2  170 1783.2  171 1783.2  172 1783.2  173 1783.2  174 1783.2  175 1783.2  176 1783.2
 177 1782.3  178 1782.3  179 1782.3  180 1782.3  181 1782.3  182 1782.3  183 1782.3  184 1782.3
 185 1782.3  186 1782.3  187 1782.3  188 1782.3  189 1782.3  190 1782.3  191 1782.3  192 1782.3
 193 1785.0  194 1785.0  195 1785.0  196 1785.0  197 1785.0  198 1785.0  199 1785.0  200 1785.0
 201 1785.0  202 1785.0  203 1785.0  204 1785.0  205 1785.0  206 1785.0  207 1785.0  208 1785.0
 209 1785.9  210 1785.9  211 1785.9  212 1785.9  213 1785.9  214 1785.9  215 1785.9  216 1785.9
 217 1785.9  218 1785.9  219 1785.9  220 1785.9  221 1785.9  222 1785.9  223 1785.9  224 1785.9
 225 1787.0  226 1787.0  227 1787.0  228 1787.0  229 1787.0  230 1787.0  231 1787.0  232 1787.0
 233 1787.0  234 1787.0  235 1787.0  236 1787.0  237 1787.0  238 1787.0  239 1787.0  240 1787.0
 241 1785.0  242 1785.0  243 1785.0  244 1785.0  245 1785.0  246 1785.0  247 1785.0  248 1785.0
 249 1785.0  250 1785.0  251 1785.0  252 1785.0  253 1785.0  254 1785.0  255 1785.0  256 1785.0
 257 1785.0  258 1785.0  259 1785.0  260 1785.0  261 1785.0  262 1785.0  263 1785.0  264 1785.0
 265 1785.0  266 1785.0  267 1785.0  268 1785.0  269 1785.0  270 1785.0  271 1785.0  272 1785.0
 273 1784.0  274 1784.0  275 1784.0  276 1784.0  277 1784.0  278 1784.0  279 1784.0  280 1784.0
 281 1784.0  282 1784.0  283 1784.0  284 1784.0  285 1784.0  286 1784.0  287 1784.0  288 1784.0
 289 1792.7  290 1792.7  291 1792.7  292 1792.7  293 1792.7  294 1792.7  295 1792.7  296 1792.7
 297 1792.7  298 1792.7  299 1792.7  300 1792.7  301 1792.7  302 1792.7  303 1792.7  304 1792.7
 305 1788.8  306 1788.8  307 1788.8  308 1788.8  309 1788.8  310 1788.8  311 1788.8  312 1788.8
 313 1788.8  314 1788.8  315 1788.8  316 1788.8  317 1788.8  318 1788.8  319 1788.8  320 1788.8
 321 1790.2  322 1790.2  323 1790.2  324 1790.2  325 1790.2  326 1790.2  327 1790.2  328 1790.2
 329 1790.2  330 1790.2  331 1790.2  332 1790.2  333 1790.2  334 1790.2  335 1790.2  336 1790.2
 337 1789.2  338 1789.2  339 1789.2  340 1789.2  341 1789.2  342 1789.2  343 1789.2  344 1789.2
 345 1789.2  346 1789.2  347 1789.2  348 1789.2  349 1789.2  350 1789.2  351 1789.2  352 1789.2
 353 1790.1  354 1790.1  355 1790.1  356 1790.1  357 1790.1  358 1790.1  359 1790.1  360 1790.1
 361 1790.1  362 1790.1  363 1790.1  364 1790.1  365 1790.1  366 1790.1  367 1790.1  368 1790.1
TTD Lookup Table
-2.300e-08
744
 0.0048  0.0107  0.0175  0.0248  0.0332  0.0427  0.0526  0.0634  0.0747  0.0868
 0.1004  0.1144  0.1301  0.1474  0.1666  0.1887  0.2123  0.2389  0.2677  0.2997
 0.3329  0.3689  0.4063  0.4458  0.4865  0.5311  0.5735  0.6174  0.6610  0.7053
 0.7500  0.7948  0.8393  0.8844  0.9294  0.9738  1.0184  1.0627  1.1075  1.1515
 1.1969  1.2417  1.2856  1.3311  1.3757  1.4208  1.4655  1.5104  1.5548  1.5998
 1.6448  1.6897  1.7343  1.7794  1.8237  1.8675  1.9111  1.9556  1.9992  2.0429
 2.0861  2.1305  2.1734  2.2175  2.2604  2.3044  2.3475  2.3907  2.4336  2.4768
 2.5191  2.5617  2.6031  2.6447  2.6847  2.7253  2.7644  2.8045  2.8434  2.8823
 2.9201  2.9576  2.9949  3.0316  3.0666  3.1020  3.1367  3.1709  3.2039  3.2365
 3.2680  3.2992  3.3300  3.3600  3.3890  3.4178  3.4459  3.4731  3.4999  3.5271
 3.5530  3.5784  3.6049  3.6311  3.6572  3.6874  3.7143  3.7419  3.7689  3.7962
 3.8234  3.8508  3.8785  3.9059  3.9334  3.9599  3.9869  4.0138  4.0410  4.0678
 4.0945  4.1217  4.1483  4.1749  4.2012  4.2270  4.2533  4.2792  4.3051  4.3309
 4.3563  4.3818  4.4070  4.4323  4.4577  4.4831  4.5078  4.5334  4.5582  4.5831
 4.6077  4.6325  4.6574  4.6820  4.7065  4.7309  4.7554  4.7800  4.8043  4.8288
 4.8540  4.8782  4.9028  4.9269  4.9511  4.9751  4.9993  5.0234  5.0478  5.0716
 5.0949  5.1188  5.1426  5.1662  5.1899  5.2137  5.2376  5.2619  5.2856  5.3093
 5.3332  5.3568  5.3801  5.4037  5.4272  5.4507  5.4745  5.4979  5.5217  5.5449
 5.5685  5.5927  5.6164  5.6395  5.6626  5.6886  5.7126  5.7360  5.7594  5.7822
 5.8055  5.8284  5.8511  5.8745  5.8981  5.9214  5.9440  5.9676  5.9910  6.0148
 6.0374  6.0602  6.0833  6.1067  6.1292  6.1523  6.1752  6.1975  6.2199  6.2430
 6.2658  6.2873  6.3090  6.3311  6.3539  6.3754  6.3976  6.4189  6.4412  6.4631
 6.4847  6.5067  6.5289  6.5513  6.5733  6.5955  6.6183  6.6408  6.6633  6.6857
 6.7084  6.7317  6.7547  6.7785  6.8020  6.8256  6.8488  6.8723  6.8964  6.9197
 6.9437  6.9678  6.9917  7.0149  7.0386  7.0625  7.0869  7.1107  7.1344  7.1585
 7.1827  7.2059  7.2293  7.2534  7.2773  7.3009  7.3241  7.3477  7.3711  7.3951
 7.4187  7.4423  7.4658  7.4894  7.5120  7.5365  7.5596  7.5825  7.6063  7.6297
 7.6528  7.6759  7.6983  7.7212  7.7439  7.7675  7.7905  7.8137  7.8368  7.8598
 7.8829  7.9057  7.9290  7.9526  7.9751  7.9981  8.0214  8.0442  8.0668  8.0900
 8.1133  8.1353  8.1585  8.1815  8.2044  8.2270  8.2498  8.2730  8.2957  8.3188
 8.3416  8.3648  8.3876  8.4106  8.4337  8.4565  8.4790  8.5022  8.5245  8.5470
 8.5701  8.5925  8.6147  8.6372  8.6603  8.6828  8.7059  8.7289  8.7519  8.7743
 8.7972  8.8203  8.8433  8.8661  8.8890  8.9121  8.9343  8.9568  8.9799  9.0026
 9.0255  9.0482  9.0704  9.0930  9.1155  9.1386  9.1608  9.1830  9.2055  9.2285
 9.2513  9.2734  9.2961  9.3185  9.3403  9.3632  9.3857  9.4081  9.4307  9.4530
 9.4755  9.4980  9.5205  9.5426  9.5654  9.5881  9.6103  9.6326  9.6550  9.6774
 9.7001  9.7221  9.7443  9.7671  9.7898  9.8125  9.8349  9.8572  9.8794  9.9018
 9.9251  9.9473  9.9701  9.9935 10.0170 10.0396 10.0618 10.0845 10.1073 10.1301
10.1522 10.1753 10.1975 10.2202 10.2427 10.2653 10.2881 10.3105 10.3333 10.3552
10.3778 10.4009 10.4238 10.4464 10.4696 10.4924 10.5154 10.5383 10.5611 10.5837
10.6064 10.6288 10.6514 10.6739 10.6964 10.7192 10.7416 10.7644 10.7873 10.8100
10.8328 10.8552 10.8775 10.9003 10.9229 10.9458 10.9684 10.9907 11.0134 11.0358
11.0590 11.0817 11.1046 11.1271 11.1497 11.1747 11.1968 11.2189 11.2413 11.2640
11.2871 11.3094 11.3317 11.3546 11.3773 11.3998 11.4221 11.4450 11.4680 11.4902
11.5126 11.5349 11.5577 11.5801 11.6022 11.6246 11.6468 11.6688 11.6913 11.7139
11.7368 11.7589 11.7811 11.8035 11.8259 11.8483 11.8706 11.8929 11.9157 11.9385
11.9610 11.9836 12.0059 12.0281 12.0502 12.0726 12.0954 12.1174 12.1400 12.1624
12.1846 12.2068 12.2289 12.2513 12.2732 12.2958 12.3176 12.3398 12.3619 12.3839
12.4053 12.4278 12.4503 12.4727 12.4945 12.5164 12.5385 12.5610 12.5826 12.6045
12.6264 12.6487 12.6712 12.6932 12.7148 12.7365 12.7585 12.7803 12.8026 12.8241
12.8472 12.8698 12.8921 12.9143 12.9365 12.9604 12.9833 13.0058 13.0283 13.0508
13.0729 13.0950 13.1175 13.1395 13.1620 13.1845 13.2070 13.2293 13.2515 13.2741
13.2962 13.3186 13.3406 13.3631 13.3856 13.4082 13.4306 13.4534 13.4750 13.4978
13.5199 13.5419 13.5642 13.5861 13.6084 13.6310 13.6536 13.6758 13.6978 13.7204
13.7426 13.7651 13.7877 13.8101 13.8317 13.8539 13.8763 13.8987 13.9209 13.9432
13.9652 13.9865 14.0085 14.0306 14.0523 14.0748 14.0969 14.1192 14.1410 14.1626
14.1844 14.2060 14.2277 14.2496 14.2708 14.2925 14.3139 14.3353 14.3567 14.3776
14.3981 14.4187 14.4397 14.4606 14.4807 14.5005 14.5213 14.5410 14.5605 14.5801
14.5991 14.6178 14.6366 14.6547 14.6725 14.6915 14.7081 14.7249 14.7411 14.7569
14.7723 14.7876 14.8022 14.8165 14.8305 14.8446 14.8579 14.8709 14.8833 14.8951
14.9069 14.9183 14.9288 14.9391 14.9490 14.9588 14.9678 14.9763 14.9850 14.9931
15.0009 15.0084 15.0152 15.0217 15.0281 15.0342 15.0400 15.0454 15.0503 15.0550
15.0595 15.0638 15.0680 15.0714 15.0748 15.0781 15.0812 15.0839 15.0866 15.0890
15.0915 15.0937 15.0956 15.0975 15.0993 15.1008 15.1024 15.1038 15.1049 15.1060
15.1070 15.1079 15.1087 15.1094 15.1101 15.1108 15.1114 15.1118 15.1124 15.1128
15.1132 15.1136 15.1138 15.1141 15.1144 15.1147 15.1149 15.1151 15.1153 15.1155
15.1156 15.1157 15.1159 15.1160 15.1161 15.1162 15.1163 15.1164 15.1165 15.1166
15.1167 15.1167 15.1168 15.1169 15.1170 15.1171 15.1171 15.1172 15.1172 15.1173
15.1174 15.1174 15.1175 15.1175 15.1176 15.1176 15.1177 15.1177 15.1178 15.1178
15.1178 
[ L.vdc.v2 ]
3      11       0      95                  V2: v2cr1, v2sl1, v2cf1, v2cl1
3      16       0      95                  ~~~ v2cr2, v2sl2, v2cf2, v2cl
3      17       0      95                      v2cr3, v2sl3, v2cf3, v2cl3
3      18       0      79                      v2cr4, v2sl4, v2cf4, v2cl4
0.3609 1.02718 -.0042426 45.0                  z, wbeg, wspac, wangle       
49.19e3                                        Drift velocity (m/s)
TDC Offset Values   
   1 1781.8    2 1781.8    3 1781.8    4 1781.8    5 1781.8    6 1781.8    7 1781.8    8 1781.8
   9 1781.8   10 1781.8   11 1781.8   12 1781.8   13 1781.8   14 1781.8   15 1781.8   16 1781.8
  17 1784.0   18 1784.0   19 1784.0   20 1784.0   21 1784.0   22 1784.0   23 1784.0   24 1784.0
  25 1784.0   26 1784.0   27 1784.0   28 1784.0   29 1784.0   30 1784.0   31 1784.0   32 1784.0
  33 1783.8   34 1783.8   35 1783.8   36 1783.8   37 1783.8   38 1783.8   39 1783.8   40 1783.8
  41 1783.8   42 1783.8   43 1783.8   44 1783.8   45 1783.8   46 1783.8   47 1783.8   48 1783.8
  49 1780.9   50 1780.9   51 1780.9   52 1780.9   53 1780.9   54 1780.9   55 1780.9   56 1780.9
  57 1780.9   58 1780.9   59 1780.9   60 1780.9   61 1780.9   62 1780.9   63 1780.9   64 1780.9
  65 1785.1   66 1785.1   67 1785.1   68 1785.1   69 1785.1   70 1785.1   71 1785.1   72 1785.1
  73 1785.1   74 1785.1   75 1785.1   76 1785.1   77 1785.1   78 1785.1   79 1785.1   80 1785.1
  81 1783.7   82 1783.7   83 1783.7   84 1783.7   85 1783.7   86 1783.7   87 1783.7   88 1783.7
  89 1783.7   90 1783.7   91 1783.7   92 1783.7   93 1783.7   94 1783.7   95 1783.7   96 1783.7
  97 1793.0   98 1793.0   99 1793.0  100 1793.0  101 1793.0  102 1793.0  103 1793.0  104 1793.0
 105 1793.0  106 1793.0  107 1793.0  108 1793.0  109 1793.0  110 1793.0  111 1793.0  112 1793.0
 113 1791.9  114 1791.9  115 1791.9  116 1791.9  117 1791.9  118 1791.9  119 1791.9  120 1791.9
 121 1791.9  122 1791.9  123 1791.9  124 1791.9  125 1791.9  126 1791.9  127 1791.9  128 1791.9
 129 1790.0  130 1790.0  131 1790.0  132 1790.0  133 1790.0  134 1790.0  135 1790.0  136 1790.0
 137 1790.0  138 1790.0  139 1790.0  140 1790.0  141 1790.0  142 1790.0  143 1790.0  144 1790.0
 145 1787.2  146 1787.2  147 1787.2  148 1787.2  149 1787.2  150 1787.2  151 1787.2  152 1787.2
 153 1787.2  154 1787.2  155 1787.2  156 1787.2  157 1787.2  158 1787.2  159 1787.2  160 1787.2
 161 1789.1  162 1789.1  163 1789.1  164 1789.1  165 1789.1  166 1789.1  167 1789.1  168 1789.1
 169 1789.1  170 1789.1  171 1789.1  172 1789.1  173 1789.1  174 1789.1  175 1789.1  176 1789.1
 177 1787.5  178 1787.5  179 1787.5  180 1787.5  181 1787.5  182 1787.5  183 1787.5  184 1787.5
 185 1787.5  186 1787.5  187 1787.5  188 1787.5  189 1787.5  190 1787.5  191 1787.5  192 1787.5
 193 1793.0  194 1793.0  195 1793.0  196 1793.0  197 1793.0  198 1793.0  199 1793.0  200 1793.0
 201 1793.0  202 1793.0  203 1793.0  204 1793.0  205 1793.0  206 1793.0  207 1793.0  208 1793.0
 209 1791.4  210 1791.4  211 1791.4  212 1791.4  213 1791.4  214 1791.4  215 1791.4  216 1791.4
 217 1791.4  218 1791.4  219 1791.4  220 1791.4  221 1791.4  222 1791.4  223 1791.4  224 1791.4
 225 1792.2  226 1792.2  227 1792.2  228 1792.2  229 1792.2  230 1792.2  231 1792.2  232 1792.2
 233 1792.2  234 1792.2  235 1792.2  236 1792.2  237 1792.2  238 1792.2  239 1792.2  240 1792.2
 241 1792.0  242 1792.0  243 1792.0  244 1792.0  245 1792.0  246 1792.0  247 1792.0  248 1792.0
 249 1792.0  250 1792.0  251 1792.0  252 1792.0  253 1792.0  254 1792.0  255 1792.0  256 1792.0
 257 1792.2  258 1792.2  259 1792.2  260 1792.2  261 1792.2  262 1792.2  263 1792.2  264 1792.2
 265 1792.2  266 1792.2  267 1792.2  268 1792.2  269 1792.2  270 1792.2  271 1792.2  272 1792.2
 273 1792.3  274 1792.3  275 1792.3  276 1792.3  277 1792.3  278 1792.3  279 1792.3  280 1792.3
 281 1792.3  282 1792.3  283 1792.3  284 1792.3  285 1792.3  286 1792.3  287 1792.3  288 1792.3
 289 1799.1  290 1799.1  291 1799.1  292 1799.1  293 1799.1  294 1799.1  295 1799.1  296 1799.1
 297 1799.1  298 1799.1  299 1799.1  300 1799.1  301 1799.1  302 1799.1  303 1799.1  304 1799.1
 305 1796.9  306 1796.9  307 1796.9  308 1796.9  309 1796.9  310 1796.9  311 1796.9  312 1796.9
 313 1796.9  314 1796.9  315 1796.9  316 1796.9  317 1796.9  318 1796.9  319 1796.9  320 1796.9
 321 1798.0  322 1798.0  323 1798.0  324 1798.0  325 1798.0  326 1798.0  327 1798.0  328 1798.0
 329 1798.0  330 1798.0  331 1798.0  332 1798.0  333 1798.0  334 1798.0  335 1798.0  336 1798.0
 337 1799.7  338 1799.7  339 1799.7  340 1799.7  341 1799.7  342 1799.7  343 1799.7  344 1799.7
 345 1799.7  346 1799.7  347 1799.7  348 1799.7  349 1799.7  350 1799.7  351 1799.7  352 1799.7
 353 1797.8  354 1797.8  355 1797.8  356 1797.8  357 1797.8  358 1797.8  359 1797.8  360 1797.8
 361 1797.8  362 1797.8  363 1797.8  364 1797.8  365 1797.8  366 1797.8  367 1797.8  368 1797.8
TTD Lookup Table
-2.250e-08
743
 0.0051  0.0111  0.0178  0.0253  0.0331  0.0421  0.0520  0.0623  0.0735  0.0859
 0.0989  0.1130  0.1283  0.1451  0.1639  0.1840  0.2071  0.2312  0.2574  0.2857
 0.3167  0.3500  0.3848  0.4208  0.4649  0.5041  0.5445  0.5852  0.6271  0.6688
 0.7114  0.7547  0.7976  0.8412  0.8844  0.9288  0.9729  1.0168  1.0610  1.1067
 1.1514  1.1955  1.2400  1.2844  1.3290  1.3733  1.4181  1.4630  1.5076  1.5526
 1.5970  1.6413  1.6854  1.7296  1.7746  1.8192  1.8642  1.9084  1.9526  1.9969
 2.0409  2.0850  2.1294  2.1732  2.2168  2.2604  2.3039  2.3471  2.3903  2.4327
 2.4748  2.5165  2.5576  2.5992  2.6402  2.6799  2.7196  2.7583  2.7965  2.8361
 2.8744  2.9117  2.9488  2.9847  3.0198  3.0549  3.0890  3.1226  3.1559  3.1879
 3.2197  3.2505  3.2802  3.3096  3.3392  3.3671  3.3954  3.4229  3.4495  3.4759
 3.5022  3.5281  3.5542  3.5807  3.6091  3.6354  3.6623  3.6895  3.7166  3.7434
 3.7699  3.7971  3.8236  3.8507  3.8778  3.9049  3.9315  3.9580  3.9847  4.0122
 4.0388  4.0648  4.0907  4.1169  4.1426  4.1687  4.1950  4.2210  4.2468  4.2721
 4.2974  4.3222  4.3474  4.3726  4.3975  4.4230  4.4486  4.4736  4.4987  4.5238
 4.5490  4.5736  4.5982  4.6230  4.6478  4.6719  4.6965  4.7214  4.7459  4.7704
 4.7947  4.8189  4.8429  4.8672  4.8913  4.9152  4.9394  4.9635  4.9873  5.0120
 5.0356  5.0595  5.0833  5.1069  5.1307  5.1537  5.1774  5.2010  5.2248  5.2483
 5.2718  5.2954  5.3192  5.3427  5.3662  5.3899  5.4133  5.4369  5.4602  5.4832
 5.5068  5.5302  5.5533  5.5770  5.6014  5.6252  5.6482  5.6722  5.6958  5.7189
 5.7425  5.7655  5.7892  5.8131  5.8366  5.8601  5.8835  5.9065  5.9290  5.9516
 5.9748  5.9971  6.0196  6.0422  6.0648  6.0873  6.1091  6.1312  6.1533  6.1751
 6.1978  6.2201  6.2432  6.2658  6.2878  6.3096  6.3320  6.3543  6.3765  6.3983
 6.4213  6.4435  6.4664  6.4893  6.5128  6.5360  6.5591  6.5823  6.6055  6.6292
 6.6518  6.6752  6.6987  6.7215  6.7449  6.7683  6.7919  6.8153  6.8388  6.8625
 6.8861  6.9104  6.9343  6.9580  6.9821  7.0055  7.0291  7.0532  7.0770  7.1006
 7.1243  7.1478  7.1715  7.1946  7.2179  7.2412  7.2648  7.2879  7.3116  7.3351
 7.3589  7.3823  7.4057  7.4287  7.4554  7.4785  7.5018  7.5251  7.5482  7.5719
 7.5953  7.6181  7.6419  7.6649  7.6885  7.7117  7.7354  7.7581  7.7818  7.8051
 7.8286  7.8518  7.8750  7.8976  7.9208  7.9435  7.9666  7.9894  8.0123  8.0352
 8.0586  8.0808  8.1045  8.1279  8.1507  8.1736  8.1968  8.2194  8.2423  8.2657
 8.2889  8.3116  8.3342  8.3577  8.3805  8.4033  8.4265  8.4489  8.4718  8.4948
 8.5172  8.5404  8.5633  8.5861  8.6093  8.6317  8.6549  8.6775  8.7015  8.7241
 8.7472  8.7698  8.7923  8.8150  8.8379  8.8608  8.8838  8.9059  8.9285  8.9509
 8.9736  8.9968  9.0199  9.0421  9.0651  9.0875  9.1099  9.1317  9.1545  9.1770
 9.1999  9.2219  9.2445  9.2669  9.2927  9.3146  9.3373  9.3600  9.3819  9.4047
 9.4271  9.4494  9.4725  9.4955  9.5180  9.5404  9.5633  9.5858  9.6083  9.6306
 9.6532  9.6760  9.6992  9.7217  9.7443  9.7671  9.7907  9.8132  9.8364  9.8593
 9.8822  9.9048  9.9274  9.9499  9.9732  9.9961 10.0194 10.0421 10.0651 10.0879
10.1107 10.1336 10.1565 10.1789 10.2024 10.2246 10.2475 10.2697 10.2929 10.3155
10.3383 10.3609 10.3836 10.4056 10.4285 10.4510 10.4743 10.4973 10.5209 10.5433
10.5662 10.5889 10.6114 10.6339 10.6563 10.6784 10.7021 10.7250 10.7479 10.7706
10.7936 10.8164 10.8392 10.8615 10.8842 10.9064 10.9295 10.9521 10.9745 10.9971
11.0198 11.0420 11.0650 11.0872 11.1115 11.1336 11.1557 11.1784 11.2011 11.2233
11.2457 11.2680 11.2907 11.3129 11.3358 11.3583 11.3821 11.4044 11.4266 11.4491
11.4715 11.4937 11.5164 11.5390 11.5617 11.5843 11.6064 11.6286 11.6516 11.6740
11.6969 11.7198 11.7416 11.7635 11.7865 11.8089 11.8313 11.8539 11.8769 11.8995
11.9215 11.9435 11.9663 11.9887 12.0117 12.0340 12.0567 12.0790 12.1018 12.1241
12.1461 12.1679 12.1903 12.2126 12.2351 12.2574 12.2802 12.3028 12.3254 12.3473
12.3696 12.3917 12.4144 12.4365 12.4594 12.4816 12.5034 12.5253 12.5477 12.5697
12.5926 12.6153 12.6377 12.6598 12.6824 12.7046 12.7273 12.7493 12.7715 12.7934
12.8159 12.8385 12.8611 12.8834 12.9074 12.9291 12.9517 12.9740 12.9964 13.0181
13.0404 13.0630 13.0856 13.1082 13.1306 13.1528 13.1751 13.1978 13.2205 13.2428
13.2656 13.2878 13.3103 13.3328 13.3549 13.3772 13.3996 13.4222 13.4447 13.4675
13.4897 13.5123 13.5345 13.5568 13.5792 13.6015 13.6234 13.6457 13.6685 13.6912
13.7132 13.7357 13.7584 13.7803 13.8024 13.8248 13.8465 13.8691 13.8916 13.9139
13.9366 13.9587 13.9813 14.0037 14.0261 14.0482 14.0705 14.0920 14.1148 14.1364
14.1582 14.1801 14.2022 14.2235 14.2454 14.2670 14.2886 14.3100 14.3317 14.3527
14.3732 14.3945 14.4158 14.4360 14.4564 14.4769 14.4972 14.5171 14.5371 14.5566
14.5760 14.5951 14.6135 14.6318 14.6524 14.6700 14.6877 14.7047 14.7213 14.7377
14.7535 14.7688 14.7842 14.7990 14.8141 14.8279 14.8420 14.8552 14.8681 14.8805
14.8929 14.9046 14.9164 14.9275 14.9379 14.9478 14.9576 14.9666 14.9753 14.9838
14.9918 14.9996 15.0070 15.0142 15.0211 15.0277 15.0337 15.0392 15.0446 15.0498
15.0546 15.0592 15.0635 15.0676 15.0716 15.0750 15.0783 15.0816 15.0845 15.0873
15.0899 15.0921 15.0942 15.0960 15.0979 15.0995 15.1010 15.1026 15.1039 15.1051
15.1063 15.1073 15.1081 15.1091 15.1100 15.1108 15.1113 15.1119 15.1124 15.1129
15.1133 15.1137 15.1140 15.1142 15.1145 15.1148 15.1149 15.1152 15.1153 15.1155
15.1157 15.1159 15.1160 15.1162 15.1163 15.1164 15.1165 15.1166 15.1167 15.1168
15.1169 15.1169 15.1170 15.1170 15.1171 15.1171 15.1172 15.1172 15.1173 15.1173
15.1174 15.1174 15.1174 15.1175 15.1176 15.1176 15.1177 15.1177 15.1177 
[ L.global ]
0.3327 1 0.0 270.2 0.0 -1.6e-03        VDC Angle, Plane Spacing, Gamma Coefficents
matrix elements
t 0 0 0  -1.001135e+00 -3.313373e-01 -4.290819e-02  4.470852e-03  0.000000e+00  0.000000e+00  0.000000e+00  0
y 0 0 0  -8.060915e-03  1.071977e-03  9.019102e-04 -3.239615e-04  0.000000e+00  0.000000e+00  0.000000e+00  0
p 0 0 0  -2.861912e-03 -2.469069e-03  8.427172e-03  2.274635e-03  0.000000e+00  0.000000e+00  0.000000e+00  0
D 0 0 0  -1.866766e-04  8.370563e-02  9.829436e-03 -6.282155e-04  4.291190e-03  0.000000e+00  0.000000e+00  5
D 1 0 0  -2.120308e-02  2.391071e-01  3.414764e-02 -9.845306e-03  0.000000e+00  0.000000e+00  0.000000e+00  4
D 2 0 0  -7.721246e-01  1.386962e+00  2.141296e+00  0.000000e+00  0.000000e+00  0.000000e+00  0.000000e+00  3
D 0 0 2  -4.330635e-02  4.945579e-01 -2.784833e-01  0.000000e+00  0.000000e+00  0.000000e+00  0.000000e+00  3
D 0 2 0   2.358455e-01  6.669406e-01  1.602542e+00  0.000000e+00  0.000000e+00  0.000000e+00  0.000000e+00  3
D 0 1 1   5.458835e-01  7.157317e-01  0.000000e+00  0.000000e+00  0.000000e+00  0.000000e+00  0.000000e+00  2
D 1 0 2  -2.290800e+01  0.000000e+00  0.000000e+00  0.000000e+00  0.000000e+00  0.000000e+00  0.000000e+00  1
D 1 1 1  -4.928988e+01  2.216568e+01  0.000000e+00  0.000000e+00  0.000000e+00  0.000000e+00  0.000000e+00  2
D 2 0 2  -9.747716e+02  0.000000e+00  0.000000e+00  0.000000e+00  0.000000e+00  0.000000e+00  0.000000e+00  1
D 2 1 1  -1.447878e+03  0.000000e+00  0.000000e+00  0.000000e+00  0.000000e+00  0.000000e+00  0.000000e+00  1
D 3 0 0   3.120222e+01  0.000000e+00  0.000000e+00  0.000000e+00  0.000000e+00  0.000000e+00  0.000000e+00  1
D 1 2 0   2.581996e+01  4.842194e+01  0.000000e+00  0.000000e+00  0.000000e+00  0.000000e+00  0.000000e+00  2
D 4 0 0  -6.888878e+02  0.000000e+00  0.000000e+00  0.000000e+00  0.000000e+00  0.000000e+00  0.000000e+00  1
D 2 2 0   1.223550e+03  0.000000e+00  0.000000e+00  0.000000e+00  0.000000e+00  0.000000e+00  0.000000e+00  1
D 0 1 3   3.183811e+01  0.000000e+00  0.000000e+00  0.000000e+00  0.000000e+00  0.000000e+00  0.000000e+00  1
D 0 0 1   3.501679e-03  0.000000e+00  0.000000e+00  0.000000e+00  0.000000e+00  0.000000e+00  0.000000e+00  1
D 0 1 0  -4.367642e-03  0.000000e+00  0.000000e+00  0.000000e+00  0.000000e+00  0.000000e+00  0.000000e+00  1
T 1 0 0  -2.314350e+00  4.214037e-01 -1.764782e-01 -2.663377e-01  0.000000e+00  0.000000e+00  0.000000e+00  0
T 2 0 0   2.277637e-01  1.134705e+01 -8.932341e+00  0.000000e+00  0.000000e+00  0.000000e+00  0.000000e+00  0
T 1 0 2  -1.043193e+00  9.476089e+01  0.000000e+00  0.000000e+00  0.000000e+00  0.000000e+00  0.000000e+00  0
T 3 0 0   1.105213e+02  1.520826e+02  0.000000e+00  0.000000e+00  0.000000e+00  0.000000e+00  0.000000e+00  0
T 0 0 2   6.710510e-01  2.913183e+00 -4.525830e+00  0.000000e+00  0.000000e+00  0.000000e+00  0.000000e+00  0
T 0 1 1  -5.782061e-01 -1.751089e+00  2.233788e+00  0.000000e+00  0.000000e+00  0.000000e+00  0.000000e+00  0
T 0 2 0  -8.924529e-01  2.722308e+00  0.000000e+00  0.000000e+00  0.000000e+00  0.000000e+00  0.000000e+00  0
T 1 2 0   6.095838e+01  0.000000e+00  0.000000e+00  0.000000e+00  0.000000e+00  0.000000e+00  0.000000e+00  0
T 0 4 0   9.715979e+02  0.000000e+00  0.000000e+00  0.000000e+00  0.000000e+00  0.000000e+00  0.000000e+00  0
T 0 2 2  -8.659010e+02  0.000000e+00  0.000000e+00  0.000000e+00  0.000000e+00  0.000000e+00  0.000000e+00  0
T 1 1 1  -5.452709e+01  0.000000e+00  0.000000e+00  0.000000e+00  0.000000e+00  0.000000e+00  0.000000e+00  0
T 2 0 2  -1.966962e+03  0.000000e+00  0.000000e+00  0.000000e+00  0.000000e+00  0.000000e+00  0.000000e+00  0
T 0 1 3   7.773828e+02  0.000000e+00  0.000000e+00  0.000000e+00  0.000000e+00  0.000000e+00  0.000000e+00  0
T 0 3 1   1.621558e+01  0.000000e+00  0.000000e+00  0.000000e+00  0.000000e+00  0.000000e+00  0.000000e+00  0
T 4 0 0  -1.419643e+04  0.000000e+00  0.000000e+00  0.000000e+00  0.000000e+00  0.000000e+00  0.000000e+00  0
P 0 0 1  -6.236858e-01 -6.466346e-02  2.952651e-01 -5.747772e-01  0.000000e+00  0.000000e+00  0.000000e+00  0
P 0 0 3   9.560933e+00 -1.708867e+01  0.000000e+00  0.000000e+00  0.000000e+00  0.000000e+00  0.000000e+00  0
P 0 1 0  -3.215786e-01  3.082068e-01 -8.039546e-02  2.602149e-01  0.000000e+00  0.000000e+00  0.000000e+00  0
P 0 1 2  -1.665448e+01 -1.545366e+00  0.000000e+00  0.000000e+00  0.000000e+00  0.000000e+00  0.000000e+00  0
P 0 2 1  -4.018884e+00  2.622520e+01  0.000000e+00  0.000000e+00  0.000000e+00  0.000000e+00  0.000000e+00  0
P 0 3 0  -1.806501e+01  8.628014e+00  0.000000e+00  0.000000e+00  0.000000e+00  0.000000e+00  0.000000e+00  0
P 1 0 1   5.588571e+00 -4.118518e-01  7.907703e+00  0.000000e+00  0.000000e+00  0.000000e+00  0.000000e+00  0
P 1 0 3  -4.099923e+02 -2.146256e+03  0.000000e+00  0.000000e+00  0.000000e+00  0.000000e+00  0.000000e+00  0
P 1 1 0   3.131723e+00  1.310948e+00  2.102952e-02  0.000000e+00  0.000000e+00  0.000000e+00  0.000000e+00  0
P 1 1 2  -4.661088e+02  0.000000e+00  0.000000e+00  0.000000e+00  0.000000e+00  0.000000e+00  0.000000e+00  0
P 1 2 1  -5.065149e+02  0.000000e+00  0.000000e+00  0.000000e+00  0.000000e+00  0.000000e+00  0.000000e+00  0
P 1 3 0   3.376229e+01  0.000000e+00  0.000000e+00  0.000000e+00  0.000000e+00  0.000000e+00  0.000000e+00  0
P 2 0 1  -2.897998e+01 -1.437159e+02  0.000000e+00  0.000000e+00  0.000000e+00  0.000000e+00  0.000000e+00  0
P 2 1 0  -1.108533e+02  4.298786e+01  0.000000e+00  0.000000e+00  0.000000e+00  0.000000e+00  0.000000e+00  0
P 3 0 1  -7.201831e+02  0.000000e+00  0.000000e+00  0.000000e+00  0.000000e+00  0.000000e+00  0.000000e+00  0
P 3 1 0  -1.785346e+03  0.000000e+00  0.000000e+00  0.000000e+00  0.000000e+00  0.000000e+00  0.000000e+00  0
P 0 0 0   1.406722e-04  1.409960e-04 -3.132036e-03 -1.094759e-03  0.000000e+00  0.000000e+00  0.000000e+00  0
P 1 0 0  -1.088043e-02  0.000000e+00  0.000000e+00  0.000000e+00  0.000000e+00  0.000000e+00  0.000000e+00  0
P 2 0 0  -2.109502e-02  0.000000e+00  0.000000e+00  0.000000e+00  0.000000e+00  0.000000e+00  0.000000e+00  0
Y 0 0 1   7.697399e-01 -1.237742e+00 -6.363828e-01  2.915294e-01  0.000000e+00  0.000000e+00  0.000000e+00  0
Y 0 0 3   6.579089e+00  5.036337e+01  0.000000e+00  0.000000e+00  0.000000e+00  0.000000e+00  0.000000e+00  0
Y 0 1 0  -1.212283e+00 -7.665945e-01  1.468243e-01 -7.387958e-02  0.000000e+00  0.000000e+00  0.000000e+00  0
Y 0 1 2   3.690691e+01 -5.670801e+01  0.000000e+00  0.000000e+00  0.000000e+00  0.000000e+00  0.000000e+00  0
Y 0 2 1  -6.435145e+00  6.523826e+01  0.000000e+00  0.000000e+00  0.000000e+00  0.000000e+00  0.000000e+00  0
Y 0 3 0   6.610325e+01  2.316494e+01  0.000000e+00  0.000000e+00  0.000000e+00  0.000000e+00  0.000000e+00  0
Y 1 0 1  -2.541615e+00 -6.487397e+00 -2.105763e+00  0.000000e+00  0.000000e+00  0.000000e+00  0.000000e+00  0
Y 1 0 3   8.996841e-01  0.000000e+00  0.000000e+00  0.000000e+00  0.000000e+00  0.000000e+00  0.000000e+00  0
Y 1 1 0  -1.499933e+01 -1.945663e+00 -1.758749e+00  0.000000e+00  0.000000e+00  0.000000e+00  0.000000e+00  0
Y 1 1 2   3.728417e+03  0.000000e+00  0.000000e+00  0.000000e+00  0.000000e+00  0.000000e+00  0.000000e+00  0
Y 1 2 1  -1.440365e+03  0.000000e+00  0.000000e+00  0.000000e+00  0.000000e+00  0.000000e+00  0.000000e+00  0
Y 1 3 0   1.779800e+03  0.000000e+00  0.000000e+00  0.000000e+00  0.000000e+00  0.000000e+00  0.000000e+00  0
Y 2 0 1   4.223730e+02  1.426767e+02  0.000000e+00  0.000000e+00  0.000000e+00  0.000000e+00  0.000000e+00  0
Y 2 1 0   3.472067e+02 -1.352775e+02  0.000000e+00  0.000000e+00  0.000000e+00  0.000000e+00  0.000000e+00  0
Y 3 0 1   5.082739e+03  0.000000e+00  0.000000e+00  0.000000e+00  0.000000e+00  0.000000e+00  0.000000e+00  0
Y 3 1 0   5.259414e+03  0.000000e+00  0.000000e+00  0.000000e+00  0.000000e+00  0.000000e+00  0.000000e+00  0
Y 0 0 0   1.650000e-04  1.195515e-03  5.587958e-03 -4.245201e-03  0.000000e+00  0.000000e+00  0.000000e+00  0
Y 1 0 0  -7.656281e-03  0.000000e+00  0.000000e+00  0.000000e+00  0.000000e+00  0.000000e+00  0.000000e+00  0
Y 2 0 0  -2.213957e-01  0.000000e+00  0.000000e+00  0.000000e+00  0.000000e+00  0.000000e+00  0.000000e+00  0
L 0 0 0 0  25.713
L 1 0 0 0  1.234E-01
L 2 0 0 0  5.034E-01
L 0 1 0 0 -1.025E+01
L 0 2 0 0  3.248E+01
L 0 0 1 0 -1.238E+00
L 0 0 2 0 -4.672E+00
L 0 0 0 1  1.066E+00
L 0 0 0 2  2.013E+01
XF 1 0 0 0 0 -2.181E+00
XF 0 1 0 0 0 -1.980E-01
XF 0 0 0 0 1  1.191E+01
TF 1 0 0 0 0 -1.000E-01
TF 0 1 0 0 0 -4.690E-01
TF 0 0 0 0 1  1.967E+00
PF 0 0 1 0 0  3.630E-01
PF 0 0 0 1 0 -0.902E+00
YF 0 0 1 0 0 -5.950E-01
YF 0 0 0 1 0 -1.274E+00
