Run 22447
1.50042e+08
971857
1034930
0
0
0
1.47824e+08
971857
1034930
7.39121e+07
477009
508109
7.3912e+07
484106
515369

Run 22448
1.49953e+08
970919
1034736
0
0
0
1.47736e+08
970919
1034736
7.38662e+07
477040
508607
7.38701e+07
483304
514845

Run 22449
1.50033e+08
969822
1032248
0
0
0
1.47815e+08
969822
1032248
7.39048e+07
477123
507954
7.39098e+07
481855
512749

Run 22450
1.49831e+08
970196
1033546
0
0
0
1.47615e+08
970196
1033546
7.38064e+07
477168
508340
7.38088e+07
482243
513704

Run 22451
1.49818e+08
969321
1032095
0
0
0
1.47603e+08
969321
1032095
7.38023e+07
476794
507766
7.38006e+07
481842
512969

Run 22452
1.4997e+08
970628
1036263
0
0
0
1.47753e+08
970628
1036263
7.38771e+07
476223
508600
7.38756e+07
483680
516189

Run 22453
1.5037e+08
969531
1029660
0
0
0
1.48147e+08
969531
1029660
7.40738e+07
476920
506777
7.40734e+07
481830
511465

Run 22454
1.50035e+08
967323
1029201
0
0
0
1.47817e+08
967323
1029201
7.3911e+07
474201
504740
7.39061e+07
482322
512971

Run 22455
1.50949e+08
975931
1038204
0
0
0
1.48718e+08
975931
1038204
7.43567e+07
479233
509689
7.4361e+07
485720
516831

Run 22456
1.50289e+08
970012
1030606
0
0
0
1.48067e+08
970012
1030606
7.40322e+07
476451
506189
7.40348e+07
482746
512908

Run 22457
1.5002e+08
971829
1034482
0
0
0
1.47802e+08
971829
1034482
7.38974e+07
478164
508967
7.39049e+07
482903
514059

Run 22458
1.50179e+08
971136
1035612
0
0
0
1.47959e+08
971136
1035612
7.39772e+07
476503
508294
7.39815e+07
483929
515899

Run 22459
1.50188e+08
971297
1033910
0
0
0
1.47968e+08
971297
1033910
7.39825e+07
478329
509188
7.39852e+07
482362
513391

Run 22465
1.50085e+08
971160
1031068
0
0
0
1.47866e+08
971160
1031068
7.39319e+07
477509
506984
7.3934e+07
482791
512533

Run 22466
1.50009e+08
966632
1026074
0
0
0
1.47791e+08
966632
1026074
7.38937e+07
474364
503652
7.38976e+07
481666
511157

Run 22469
1.50011e+08
968272
1027635
0
0
0
1.47793e+08
968272
1027635
7.38991e+07
482170
511428
7.38942e+07
475517
504988

Run 22470
1.49839e+08
968766
1030591
0
0
0
1.47623e+08
968766
1030591
7.381e+07
481675
512411
7.38133e+07
476298
506719

Run 22471
1.49957e+08
969407
1031107
0
0
0
1.47739e+08
969407
1031107
7.38698e+07
481464
511985
7.38697e+07
477133
507649

Run 22472
1.49923e+08
968185
1028487
0
0
0
1.47706e+08
968185
1028487
7.38518e+07
482059
511745
7.38541e+07
475451
505409

Run 22473
1.50027e+08
971841
1034990
0
0
0
1.47809e+08
971841
1034990
7.39067e+07
483384
514574
7.39025e+07
477645
508905

Run 22474
1.49939e+08
969152
1030158
0
0
0
1.47722e+08
969152
1030158
7.38584e+07
482429
512503
7.38634e+07
475974
506216

Run 22475
1.50049e+08
970513
1033354
0
0
0
1.47831e+08
970513
1033354
7.39144e+07
483013
514195
7.39165e+07
476827
507788

Run 22476
1.5002e+08
971077
1032201
0
0
0
1.47802e+08
971077
1032201
7.38983e+07
482714
513112
7.39035e+07
477449
507508

Run 22478
1.50127e+08
967877
1028442
0
0
0
1.47907e+08
967877
1028442
7.39553e+07
481603
511491
7.39516e+07
475595
505579

Run 22479
1.50049e+08
968512
1029404
0
0
0
1.4783e+08
968512
1029404
7.3911e+07
481811
511841
7.39193e+07
475907
506079

Run 22480
1.49819e+08
970900
1034842
0
0
0
1.47604e+08
970900
1034842
7.37995e+07
482653
514329
7.38047e+07
477415
508967

Run 22481
1.49951e+08
969837
1033783
0
0
0
1.47734e+08
969837
1033783
7.38673e+07
482304
513463
7.38664e+07
476823
508903

Run 22482
1.50033e+08
969575
1030673
0
0
0
1.47814e+08
969575
1030673
7.39064e+07
483040
513206
7.39077e+07
475825
506057

Run 22483
1.50169e+08
969983
1030795
0
0
0
1.47948e+08
969983
1030795
7.39733e+07
482701
513178
7.3975e+07
476623
506298

Run 22484
1.5014e+08
968547
1028865
0
0
0
1.4792e+08
968547
1028865
7.39597e+07
480944
510565
7.396e+07
476919
506950

Run 22485
1.50466e+08
970560
1032156
0
0
0
1.48241e+08
970560
1032156
7.41189e+07
482691
513206
7.41223e+07
477073
507457

Run 22486
1.50063e+08
968898
1033028
0
0
0
1.47844e+08
968898
1033028
7.39169e+07
481610
513268
7.39271e+07
476709
508475

Run 22487
1.49966e+08
970198
1034633
0
0
0
1.47749e+08
970198
1034633
7.38729e+07
482286
514436
7.38765e+07
477316
508905

Run 22488
1.49971e+08
967850
1030132
0
0
0
1.47754e+08
967850
1030132
7.38752e+07
481247
512142
7.3879e+07
475975
506671

Run 22489
3.99239e+07
257685
274552
0
0
0
3.93336e+07
257685
274552
1.96648e+07
127878
136203
1.96688e+07
126941
135300

