20598 0.0647138 0.0836034
20600 -0.0839768 0.0561218
20601 0.00257546 0.0696565
20609 0.162721 0.0630742
20610 0.0606343 0.061635
20611 0.0179831 0.0590941
20612 -0.107252 0.0556688
20613 0.0825241 0.0607103
20614 0.0900436 0.063463
20615 -0.00139694 0.0612175
20642 0.114184 0.0968779
20643 -0.00762218 0.0590194
20646 0.108846 0.0601301
20647 0.0585468 0.0601558
20649 0.0272585 0.0581474
20650 -0.0496866 0.0597699
20651 -0.0746486 0.0610842
20652 -0.0251132 0.0590305
20653 0.0164445 0.0604483
20655 0.00156051 0.0603433
20656 0.0402753 0.0587064
20657 0.112453 0.0610397
20658 0.00354391 0.0594546
20659 -0.00154043 0.0606064
20660 -0.009152 0.0595923
20662 -0.0694867 0.0598886
20663 -0.0591416 0.060411
20664 -0.0645101 0.0606639
20665 0.015487 0.0590327
20666 0.0271849 0.0594603
20667 -0.094781 0.0629477
20668 0.0196883 0.0596648
20669 -0.039764 0.0597529
20670 0.0530171 0.0610796
20671 -0.00614041 0.0600287
20672 -0.0361617 0.0679887
20673 -0.0972386 0.0619475
20674 0.0223014 0.0608014
20682 0.016732 0.0606003
20683 0.204613 0.0744007
20684 -0.0231808 0.0678918
20685 0.00370229 0.0586028
20686 0.0448292 0.06104
20687 -0.0207193 0.05949
20688 -0.00802666 0.0598861
20689 0.00555873 0.0578255
20691 0.00365732 0.060341
20692 0.0153714 0.0603028
20693 0.0499355 0.0611186
20694 -0.0819906 0.0610273
20695 -0.00517435 0.0586467
20696 -0.0183022 0.0596284
20698 0.021845 0.059489
20699 -0.0220334 0.0607783
20700 -0.0675549 0.0595664
20702 -0.0668002 0.0601315
20703 0.0546315 0.0584364
20706 -0.0661849 0.0606745
20709 0.0687491 0.06088
20710 -0.0657453 0.0642151
20712 0.00678418 0.0592231
20713 0.0473368 0.0607726
20714 0.0500898 0.0597534
20715 0.0175777 0.0591182
20716 0.00236331 0.0593881
20717 -0.071041 0.0627467
20719 0.119188 0.0597239
20720 -0.04772 0.0580156
20721 -0.0211694 0.0590287
20722 0.0156152 0.0573286
20723 0.0171878 0.0576159
20724 0.0149608 0.0566535
20725 0.0225823 0.0570713
20727 -0.0667038 0.0615668
20729 0.0069982 0.059353
20730 -0.186044 0.0722863
20738 0.0525081 0.0607648
20739 -0.0410078 0.059019
20740 0.0288779 0.0642375
20741 0.00715706 0.064866
20745 -0.0208536 0.0640724
20746 0.0449413 0.0653941
20749 -0.111845 0.0753117
20750 0.104915 0.0658672
20751 0.134208 0.0714551
20752 0.0277945 0.064825
20754 -0.074582 0.0655706
20755 0.0172268 0.0653442
20756 -0.00631734 0.065062
20757 0.139214 0.0704513
20759 0.0577456 0.108678
