20598 0.000782136 0.00272403
20600 -0.00131718 0.00193605
20601 -0.00206257 0.00265671
20609 -0.00108402 0.00192825
20610 0.00349559 0.00192409
20611 -0.000664469 0.00192371
20612 -0.00450916 0.00193659
20613 -0.000180901 0.00192556
20614 -9.601e-06 0.00192868
20615 -0.00205766 0.00192333
20642 0.00564494 0.00277328
20643 0.00261369 0.0019234
20646 0.00220768 0.00192314
20647 -0.000969888 0.00191888
20649 -0.000438591 0.00192593
20650 -1.14464e-05 0.00192238
20651 -0.00523586 0.00192467
20652 0.000654924 0.00192153
20653 -0.00274006 0.00192442
20655 4.60387e-05 0.00192401
20656 -0.000716953 0.00192699
20657 0.000760695 0.00192941
20658 -0.00256645 0.00192285
20659 -0.00379628 0.00192116
20660 0.00304887 0.00191873
20662 4.02144e-05 0.00192421
20663 0.000441245 0.00192586
20664 -0.000548078 0.00192834
20665 -0.0011708 0.00192486
20666 -0.00482064 0.00192616
20667 -0.00126789 0.00192586
20668 0.00179455 0.00192575
20669 0.00144757 0.00193181
20670 -0.0012493 0.00192319
20671 0.00128876 0.00192434
20672 0.00162512 0.00215777
20673 0.00173359 0.00192797
20674 -0.00102874 0.00192607
20682 -0.00307296 0.00192185
20683 0.000566794 0.00236404
20684 -0.00101268 0.00193866
20685 0.00350964 0.00192211
20686 -0.00177104 0.0019211
20687 0.000953391 0.00192324
20688 0.000482215 0.00192208
20689 -0.00193063 0.00192458
20691 0.000563656 0.00191902
20692 -0.00134793 0.0019244
20693 -0.0010931 0.00192922
20694 -0.0056642 0.00192261
20695 -0.00435754 0.00192195
20696 -0.00416386 0.00192115
20698 -0.00092677 0.00192433
20699 0.000116936 0.00192036
20700 -0.00317076 0.0019245
20702 -0.000367927 0.00192558
20703 -0.00245158 0.00193831
20706 -0.00310005 0.00192547
20709 -0.000858484 0.00191982
20710 0.000136925 0.00192847
20712 0.00314401 0.00191875
20713 -0.00254005 0.00192187
20714 -0.000327062 0.00192109
20715 -0.00234433 0.00192472
20716 -0.00219974 0.00192658
20717 -0.00356562 0.00192508
20719 -0.00182209 0.00192347
20720 -0.00170667 0.00192615
20721 -0.00236014 0.00191935
20722 -0.000141303 0.00192436
20723 -0.00124232 0.00192275
20724 0 0.00192252
20725 -0.00044243 0.0019248
20727 -0.000580266 0.00192853
20729 0.00195326 0.00192382
20730 -0.00385372 0.00217465
20738 -0.00109875 0.00192146
20739 -0.00413188 0.00192261
20740 -0.00320773 0.00192428
20741 -0.000985693 0.00192016
20745 -0.00370783 0.00192863
20746 -0.00237571 0.00191863
20749 -0.00243432 0.00219202
20750 0.000725744 0.00192493
20751 -0.00271505 0.00193749
20752 -0.00205198 0.00192741
20754 -0.00269429 0.00191987
20755 0.00117834 0.00192093
20756 -0.00728393 0.00191815
20757 0.000381292 0.00192299
20759 0.00437992 0.00251315
