20579 1 1 16777215 16777215 65535 65535 65535 100 
20580 1 1 16777215 16777215 65535 65535 65535 100 
20581 1 1 16777215 16777215 65535 65535 65535 100 
20582 1 1 16777215 16777215 65535 65535 65535 100 
20583 1 1 16777215 16777215 65535 65535 65535 100 
20596 1 1 65535 65535 65535 65535 65535 100 
20597 1 1 65535 65535 65535 65535 65535 100 
20598 1 1 65535 65535 65535 65535 65535 100 
20599 1 1 65535 65535 65535 65535 65535 100 
20600 1 1 65535 65535 65535 65535 65535 100 
20601 1 1 65535 65535 65535 65535 65535 100 
20609 1 1 65535 65535 65535 65535 65535 100 
20610 1 1 65535 65535 65535 65535 65535 100 
20611 1 1 65535 65535 65535 65535 65535 100 
20612 1 1 65535 65535 65535 65535 65535 100 
20613 1 1 65535 65535 65535 65535 65535 100 
20614 1 1 65535 65535 65535 65535 65535 100 
20615 1 1 65535 65535 65535 65535 65535 100 
20642 1 1 65535 65535 65535 65535 65535 100 
20643 1 1 65535 65535 65535 65535 65535 100 
20646 1 1 65535 65535 65535 65535 65535 100 
20647 1 1 65535 65535 65535 65535 65535 100 
20648 1 1 65535 65535 65535 65535 65535 100 
20649 1 1 65535 65535 65535 65535 65535 100 
20650 1 1 65535 65535 65535 65535 65535 100 
20651 1 1 65535 65535 65535 65535 65535 100 
20652 1 1 65535 65535 65535 65535 65535 100 
20653 1 1 65535 65535 65535 65535 65535 100 
20654 1 1 65535 65535 65535 65535 65535 100 
20655 1 1 65535 65535 65535 65535 65535 100 
20656 1 1 65535 65535 65535 65535 65535 100 
20657 1 1 65535 65535 65535 65535 65535 100 
20658 1 1 65535 65535 65535 65535 65535 100 
20659 1 1 65535 65535 65535 65535 65535 100 
20660 1 1 65535 65535 65535 65535 65535 100 
20662 1 1 65535 65535 65535 65535 65535 100 
20663 1 1 65535 65535 65535 65535 65535 100 
20664 1 1 65535 65535 65535 65535 65535 100 
20665 1 1 65535 65535 65535 65535 65535 100 
20666 1 1 65535 65535 65535 65535 65535 100 
20667 1 1 65535 65535 65535 65535 65535 100 
20668 1 1 65535 65535 65535 65535 65535 100 
20669 1 1 65535 65535 65535 65535 65535 100 
20670 1 1 65535 65535 65535 65535 65535 100 
20671 1 1 65535 65535 65535 65535 65535 100 
20672 1 1 65535 65535 65535 65535 65535 100 
20673 1 1 65535 65535 65535 65535 65535 100 
20674 1 1 65535 65535 65535 65535 65535 100 
20682 1 1 65535 65535 65535 65535 65535 100 
20683 1 1 65535 65535 65535 65535 65535 100 
20684 1 1 65535 65535 65535 65535 65535 100 
20685 1 1 65535 65535 65535 65535 65535 100 
20686 1 1 65535 65535 65535 65535 65535 100 
20687 1 1 65535 65535 65535 65535 65535 100 
20688 1 1 65535 65535 65535 65535 65535 100 
20689 1 1 65535 65535 65535 65535 65535 100 
20691 1 1 65535 65535 65535 65535 65535 100 
20692 1 1 65535 65535 65535 65535 65535 100 
20693 1 1 65535 65535 65535 65535 65535 100 
20694 1 1 65535 65535 65535 65535 65535 100 
20695 1 1 65535 65535 65535 65535 65535 100 
20696 1 1 65535 65535 65535 65535 65535 100 
20698 1 1 65535 65535 65535 65535 65535 100 
20699 1 1 65535 65535 65535 65535 65535 100 
20700 1 1 65535 65535 65535 65535 65535 100 
20701 1 1 65535 65535 65535 65535 65535 100 
20702 1 1 65535 65535 65535 65535 65535 100 
20703 1 1 65535 65535 65535 65535 65535 100 
20706 1 1 65535 65535 65535 65535 65535 100 
20707 1 1 65535 65535 65535 65535 65535 100 
20709 1 1 65535 65535 65535 65535 65535 100 
20710 1 1 65535 65535 65535 65535 65535 100 
20712 1 1 65535 65535 65535 65535 65535 100 
20713 1 1 65535 65535 65535 65535 65535 100 
20714 1 1 65535 65535 65535 65535 65535 100 
20715 1 1 65535 65535 65535 65535 65535 100 
20716 1 1 65535 65535 65535 65535 65535 100 
20717 1 1 65535 65535 65535 65535 65535 100 
20719 1 1 65535 65535 65535 65535 65535 100 
20720 1 1 65535 65535 65535 65535 65535 100 
20721 1 1 65535 65535 65535 65535 65535 100 
20722 1 1 65535 65535 65535 65535 65535 100 
20723 1 1 65535 65535 65535 65535 65535 100 
20724 1 1 65535 65535 65535 65535 65535 100 
20725 1 1 65535 65535 65535 65535 65535 100 
20726 1 1 65535 65535 65535 65535 65535 100 
20727 1 1 65535 65535 65535 65535 65535 100 
20729 1 1 65535 65535 65535 65535 65535 100 
20730 1 1 65535 65535 65535 65535 65535 100 
20738 1 1 65535 65535 65535 65535 65535 100 
20739 1 1 65535 65535 65535 65535 65535 100 
20740 1 1 65535 65535 65535 65535 65535 100 
20741 1 1 65535 65535 65535 65535 65535 100 
20742 1 1 65535 65535 65535 65535 65535 100 
20744 1 1 65535 65535 65535 65535 65535 100 
20745 1 1 65535 65535 65535 65535 65535 100 
20746 1 1 65535 65535 65535 65535 65535 100 
20749 1 1 65535 65535 65535 65535 65535 100 
20750 1 1 65535 65535 65535 65535 65535 100 
20751 1 1 65535 65535 65535 65535 65535 100 
20752 1 1 65535 65535 65535 65535 65535 100 
20754 1 1 65535 65535 65535 65535 65535 100 
20755 1 1 65535 65535 65535 65535 65535 100 
20756 1 1 65535 65535 65535 65535 65535 100 
20757 1 1 65535 65535 65535 65535 65535 100 
20759 1 1 65535 65535 65535 65535 65535 100 
20789 1 1 16777215 16777215 65535 65535 65535 100 
