20579 1.62251e+08 1500267 1649662 7.31086e+07 689034 763399 8.6357e+07 807606 882319 7.9736e+07 741488 815112 7.97296e+07 741926 815977 1.66039e+06 762826 4038 893530 35239.4 189.47 41811.1 72168.3 72129.4 50669.7
20580 7.5375e+07 693746 758270 3.36409e+07 313895 341964 4.04652e+07 378400 414718 3.70527e+07 343124 375003 3.70535e+07 343047 374967 768064 347445 1687 418932 16301.5 78.2694 19571.9 34454.4 34415.1 14843.2
20581 7.52332e+07 692218 753374 4.01108e+07 374486 408107 3.39294e+07 316966 344440 3.70205e+07 342564 372854 3.70196e+07 341961 372139 766017 414450 826 350741 19441.2 38.1194 16455.9 0 19441.2 19479.3
20582 8.86892e+07 817370 893745 4.06394e+07 380239 416745 4.65702e+07 435628 475379 4.36047e+07 403485 441333 4.36049e+07 404804 442502 904425 420746 1659 482020 19663.8 81.1122 22556.9 3014.7 22678.5 22721.7
20583 5.5202e+07 506087 552091 3.76171e+07 349528 381074 1.67026e+07 155964 170356 2.71617e+07 249760 272464 2.7158e+07 250668 273475 560147 386755 662 172730 18229.8 32.7773 8089.01 0 18229.8 18262.5
20598 7.79483e+07 695685 748516 3.51562e+07 318799 343746 4.15117e+07 375734 403543 3.83344e+07 344048 369872 3.83335e+07 344108 370552 784928 359241 1271 424416 17114.6 61.5124 20222.7 20284.2 20222.7 0
20600 1.53022e+08 1374382 1493410 9.70435e+07 882379 956107 5.34654e+07 489725 534843 7.52556e+07 679973 738680 7.52533e+07 679206 738137 1.54641e+06 992734 2551 551105 47159.4 122.128 25913.3 47651.1 70737 70737
20601 8.11193e+07 733078 802478 4.50677e+07 413471 452168 3.47208e+07 318408 348986 3.98874e+07 361656 396056 3.99011e+07 363365 397580 823685 464546 1360 357779 21838.5 63.992 16812.7 16757.3 38595.8 38595.8
20609 1.54358e+08 1383811 1495990 5.23645e+07 477105 518706 9.95808e+07 905543 976007 7.59738e+07 683975 739355 7.59714e+07 684465 740008 1.56014e+06 537080 1246 1.02182e+06 25416.7 61.2655 48472.6 12014 37430.7 37492
20610 1.55384e+08 1387524 1493498 7.75017e+07 702840 757138 7.5327e+07 682395 733920 7.64146e+07 686733 739271 7.64142e+07 685238 737479 1.56646e+06 793388 2587 770488 37729.9 126.804 36690.4 68324.4 68258.4 31568
20611 1.54528e+08 1385368 1494722 8.8398e+07 803410 866767 6.35839e+07 579595 625412 7.59885e+07 685121 738885 7.59935e+07 685089 739513 1.55496e+06 902147 2601 650217 43015.6 122.78 30926.2 54361.5 54301.6 23375.4
20612 1.52792e+08 1377248 1497042 7.50845e+07 684319 740437 7.50529e+07 689405 752843 7.50676e+07 680875 740083 7.50698e+07 681113 740366 1.53181e+06 761866 3903 766005 36492.6 190.107 36382.9 38516.1 64773.3 64834.8
20613 1.55189e+08 1386901 1494282 6.68378e+07 606447 653793 8.59259e+07 779233 839138 7.63845e+07 685433 738288 7.63793e+07 685952 739319 1.54741e+06 676710 1346 869355 32524.1 61.8465 41828.9 9325.07 41849.1 41911.1
20614 1.54598e+08 1385852 1497315 9.25354e+07 841607 908320 5.9388e+07 540708 585181 7.59617e+07 686054 741176 7.59618e+07 684505 739604 1.54474e+06 938373 3982 602388 45014.2 191.637 28861.4 60578 60514.8 31856.5
20615 1.55316e+08 1387269 1493808 8.23101e+07 744836 802235 7.04524e+07 640141 689094 7.63816e+07 685961 738346 7.63809e+07 685968 738973 1.5468e+06 830218 2586 714000 40064.2 126.088 34299.2 52366.2 52304.4 18005.2
20642 7.4527e+07 668269 724622 1.59418e+07 145483 157959 5.73549e+07 521586 565358 3.66483e+07 330439 358392 3.66484e+07 330292 358106 746421 162143 1380 582898 7740.38 63.7167 27871.1 30885.2 30885.2 3014.1
20643 1.54839e+08 1385401 1494566 6.90413e+07 626733 675488 8.32525e+07 756411 816632 7.61486e+07 684616 738542 7.61452e+07 685316 739336 1.55353e+06 702231 2555 848744 33607 125.053 40495.6 18755 52362 52426.8
20646 1.55127e+08 1386981 1494776 7.63145e+07 693452 748815 7.61353e+07 690096 742272 7.62236e+07 685126 738643 7.62263e+07 686277 739332 1.55382e+06 775797 3946 774074 37121.2 189.196 37083 41257.1 73462.2 73525.5
20647 1.55883e+08 1394343 1500340 7.12184e+07 646284 695786 8.21036e+07 745760 802089 7.66632e+07 689691 741929 7.66588e+07 689221 741769 1.56077e+06 722467 2532 835769 34677.1 121.516 39987.4 30610.8 65287.9 65349.9
20649 1.54893e+08 1383881 1494075 8.27257e+07 750504 811822 6.96478e+07 631249 679940 7.61859e+07 685015 739577 7.61875e+07 683462 737874 1.55409e+06 842562 2340 709184 40229.2 109.153 33902.4 53950 53891.2 19988.8
20650 1.55324e+08 1386615 1494754 8.55851e+07 773938 833788 6.71872e+07 610328 658446 7.63837e+07 685174 738784 7.63886e+07 685941 739289 1.55573e+06 868605 2617 684510 41668.2 123.064 32696.8 45186.9 45126.1 12429.3
20651 1.55483e+08 1387870 1493892 7.66253e+07 693497 745989 7.61766e+07 690947 744213 7.6397e+07 686274 738678 7.64049e+07 686135 738588 1.55616e+06 777560 3833 774767 37317.1 186.562 37084.2 34986.6 71087.4 71149.4
20652 1.55235e+08 1389440 1496765 7.1073e+07 645467 694753 8.17692e+07 743050 800969 7.64248e+07 688157 741309 7.64174e+07 686010 738967 1.55688e+06 723354 1070 832455 34602.1 47.149 39797.8 26449.3 61051.4 61098.7
20653 1.54759e+08 1385639 1497095 6.69319e+07 606723 654415 8.54655e+07 778212 841880 7.61984e+07 685319 740716 7.6199e+07 684740 739617 1.55315e+06 679669 716 872763 32572.8 33.4765 41556.4 19462.4 52035.2 52035.2
20655 1.55571e+08 1389005 1495824 8.12867e+07 736296 793453 7.17278e+07 650417 699929 7.65064e+07 686133 739003 7.6508e+07 687408 740175 1.55521e+06 824177 2529 728501 39573.1 122.655 34923.4 64962.9 64902 29978.6
20656 1.54918e+08 1385963 1494821 8.09709e+07 736337 795449 7.13995e+07 647384 696958 7.61888e+07 685589 739305 7.61816e+07 685217 739130 1.55014e+06 822853 2497 724793 39377.1 123.917 34762.5 50550 50487 15724.5
20657 1.54735e+08 1383045 1492215 7.01006e+07 636790 689332 8.19632e+07 742705 799071 7.60356e+07 684441 738336 7.60282e+07 683036 737052 1.54836e+06 712012 4005 832286 34073.1 187.303 39914 42669.7 69833.5 69896.3
20658 1.55179e+08 1389059 1497828 6.44484e+07 585118 631984 8.81804e+07 801664 863409 7.63192e+07 687577 741214 7.63097e+07 685920 739839 1.55422e+06 654672 2526 896987 31352.2 122.109 42924.1 27506.4 58858.6 58921.4
20659 1.55852e+08 1390696 1495009 7.4034e+07 668719 719206 7.9257e+07 719645 773277 7.66475e+07 687731 739553 7.66436e+07 687477 738874 1.55545e+06 747957 2602 804889 36056.5 124.827 38609 2780.98 38837.5 38901.6
20660 1.55321e+08 1389621 1496372 8.34847e+07 757272 815094 6.9281e+07 629967 678708 7.63847e+07 686517 739330 7.6381e+07 687649 740387 1.55356e+06 846659 2513 704388 40648.2 117.881 33727.7 65805.5 65746.2 32018.4
20662 1.55232e+08 1386497 1494325 7.45789e+07 674759 725744 7.8101e+07 709356 766019 7.6341e+07 685174 738638 7.63389e+07 685976 739141 1.55172e+06 755102 2691 793927 36323.5 125.771 37994.1 28989 65312.6 65376.2
20663 1.55201e+08 1387256 1494626 7.24233e+07 656683 706455 8.02252e+07 728326 785768 7.6323e+07 686091 739597 7.63255e+07 685645 738316 1.55202e+06 735375 2624 814016 35264.7 129.386 39031.3 21738.1 57002.8 57067
20664 1.54623e+08 1381152 1488177 7.47431e+07 675789 726499 7.73348e+07 702987 759110 7.60397e+07 683338 736027 7.60382e+07 682546 735660 1.54522e+06 756536 2696 785984 36403.4 128.876 37623.6 13741.7 50145.1 50210.7
20665 1.5535e+08 1390143 1498442 7.46774e+07 677952 732306 7.80002e+07 708750 762434 7.63376e+07 687749 741492 7.63399e+07 686744 740094 1.55565e+06 758365 3873 793409 36323.8 184.463 37981.5 69269.9 69210.6 33947.7
20666 1.55019e+08 1388217 1496977 8.64476e+07 784876 846532 6.60225e+07 601042 647990 7.6237e+07 685745 739752 7.62331e+07 686955 740509 1.55172e+06 876909 2629 672185 42065.7 126.537 32125 55528.5 55463.1 23338.1
20667 1.55302e+08 1388572 1496588 9.50951e+07 861079 925045 5.77701e+07 526202 570115 7.64324e+07 685669 739339 7.64328e+07 687516 740647 1.55296e+06 963610 1486 587869 46324 70.5825 28072.6 42904.8 42899.1 14826.6
20668 1.5554e+08 1391129 1497228 7.57518e+07 687076 739755 7.7101e+07 700582 753752 7.64267e+07 687550 740242 7.64261e+07 688149 740414 1.55632e+06 769125 3916 783284 36875.2 190.331 37544.4 39534.4 73439.2 73504.4
20669 1.54557e+08 1385539 1499246 7.04191e+07 637498 686570 8.15928e+07 745696 810164 7.60087e+07 684970 741288 7.60032e+07 685072 741160 1.554e+06 717092 2642 834265 34283 125.11 39612.4 16975.1 51258.1 51319.7
20670 1.55823e+08 1390644 1497265 7.09957e+07 642821 692215 8.22654e+07 745459 802495 7.66349e+07 688273 741059 7.66262e+07 687020 739707 1.56038e+06 719786 2646 837945 34565.4 123.674 40061.3 7758.93 42324.3 42387.9
20671 1.55466e+08 1391222 1499160 8.36121e+07 759012 817725 6.91661e+07 628640 677588 7.63875e+07 688449 742038 7.63907e+07 687505 740657 1.55836e+06 850696 4050 703614 40697 194.921 33663.7 66762.1 66697.2 33205.1
20672 1.23664e+08 1105106 1189594 5.31274e+07 481135 517272 6.85766e+07 622790 671064 6.08518e+07 547542 589350 6.08523e+07 545211 586937 1.23739e+06 539280 1286 696827 25874.5 63.1148 33383.1 0 25874.5 25937.6
20673 1.55181e+08 1387381 1497008 8.85046e+07 801736 864716 6.41227e+07 583420 629926 7.63161e+07 686034 740106 7.63112e+07 685984 740332 1.55406e+06 898656 2478 652929 43071.1 125.159 31190.2 57914 57852.8 26662.6
20674 1.55487e+08 1388167 1492846 7.61633e+07 690571 743506 7.67691e+07 695266 746843 7.64644e+07 686243 738098 7.6468e+07 686500 738177 1.55648e+06 774376 2525 779582 37084.4 120.113 37401 52202.3 52143 14742
20682 1.55474e+08 1391734 1498290 6.92596e+07 629113 677879 8.36604e+07 760263 817879 7.6462e+07 686942 739735 7.6458e+07 689299 741846 1.56031e+06 705093 2618 852603 33714 122.506 40744.6 29623.4 63337.4 63398.1
20683 1.03205e+08 926066 1003507 4.65054e+07 425141 464223 5.49172e+07 498696 536889 5.07106e+07 457667 495880 5.0712e+07 458129 496436 1.03739e+06 475968 2502 558919 22543 124.45 26739.1 14324.9 36867.9 36929.9
20684 1.53059e+08 1378010 1502506 1.08557e+08 988896 1070077 4.19818e+07 386839 429930 7.52697e+07 681041 742470 7.52693e+07 681985 743594 1.54356e+06 1.10808e+06 2497 432987 52774.1 124.352 20239.3 42510.1 42448.2 32625.7
20685 1.55143e+08 1389659 1497415 7.48888e+07 681424 734376 7.77229e+07 706116 760713 7.63085e+07 688022 741362 7.63033e+07 686217 739388 1.55714e+06 763524 2359 791257 36448.2 115.359 37834.3 36183.5 69799.3 69842.1
20686 1.55722e+08 1391458 1497178 7.26702e+07 657598 707617 8.04918e+07 731527 787054 7.65789e+07 688242 740723 7.65831e+07 687791 739800 1.55977e+06 737088 2659 820021 35384.6 128.94 39192.1 26843.3 62227.9 62294.3
20687 1.55612e+08 1391420 1498114 7.24345e+07 657114 707060 8.06208e+07 732004 788574 7.65293e+07 688885 741385 7.6526e+07 686998 740021 1.56011e+06 736348 2491 821271 35272.3 122.461 39246.1 20937.6 56209.8 56271.3
20688 1.55622e+08 1391188 1498410 6.95561e+07 630643 679435 8.3514e+07 758336 816595 7.65339e+07 688323 741249 7.65362e+07 687411 740541 1.5588e+06 706206 2546 850045 33859.6 121.226 40655.8 8620.69 42480.3 42543
20689 1.54706e+08 1386896 1497670 8.72856e+07 794557 858295 6.49876e+07 591011 637921 7.61344e+07 686659 741220 7.61388e+07 684724 739714 1.55306e+06 889167 1551 662346 42455.5 72.0248 31615.3 64233.2 64210.9 32595.6
20691 1.5591e+08 1392466 1496883 7.66617e+07 694046 746178 7.66876e+07 696185 748316 7.66745e+07 687756 739060 7.66748e+07 689345 741299 1.56133e+06 778282 2521 780529 37347.4 125.39 37346.4 2406.44 39753.8 39817
20692 1.55571e+08 1390563 1495073 7.63129e+07 693515 746508 7.67017e+07 694737 746082 7.65082e+07 688728 740698 7.65064e+07 686394 737769 1.55875e+06 776968 2530 779254 37152 121.262 37367.5 68936.1 68876.1 31508.7
20693 1.54833e+08 1386224 1498476 8.57106e+07 779256 843543 6.67025e+07 605778 653610 7.62056e+07 685064 740834 7.62075e+07 685619 740843 1.55292e+06 872354 1351 679219 41662.4 62.8919 32458.3 58322.2 58322.2 25864
20694 1.55795e+08 1392942 1498839 8.43054e+07 762956 819954 6.89322e+07 627735 676477 7.66183e+07 689317 741490 7.66193e+07 688170 740692 1.56082e+06 854851 2419 703548 41070.7 120.081 33556.2 41331.7 41269.7 7713.56
20695 1.55007e+08 1388200 1496326 7.23078e+07 656349 707414 8.0024e+07 728428 785233 7.61691e+07 685925 739655 7.61627e+07 687014 740191 1.55442e+06 735076 3930 815418 35196.5 188.887 38940.2 36389.3 70038.2 70098.8
20696 1.55406e+08 1391777 1499832 6.94116e+07 629238 678051 8.34837e+07 760525 819641 7.64499e+07 687751 741181 7.64454e+07 688490 741892 1.55803e+06 704386 2281 851365 33786.9 105.295 40634.4 25058.4 58845.3 58886.4
20698 1.55517e+08 1389862 1496855 7.71409e+07 699146 753148 7.56952e+07 687285 740005 7.64158e+07 687903 740870 7.64203e+07 686527 739346 1.55428e+06 782298 3875 768108 37551.2 184.833 36847 71438.4 71377.1 37745
20699 1.55743e+08 1392110 1498096 8.40677e+07 762548 819982 6.92429e+07 628407 676845 7.66562e+07 687659 740154 7.66545e+07 689053 741376 1.55708e+06 853156 1289 702636 40948.1 60.9042 33702.2 61696.6 61635.6 27933.5
20700 1.55132e+08 1389119 1498086 9.03648e+07 819970 883154 6.22706e+07 567308 612961 7.63213e+07 687161 740884 7.63142e+07 686427 740494 1.55256e+06 917245 1956 633358 43995.3 94.2798 30283.7 49445.9 49411.3 19127.6
20702 1.54963e+08 1387707 1496691 7.2892e+07 660426 710592 7.95241e+07 725002 783664 7.62088e+07 687349 741745 7.62074e+07 685056 738444 1.551e+06 738999 2497 809501 35496.3 122.631 38669.8 23825.5 59321.8 59381.7
20703 1.53164e+08 1377968 1498561 7.93674e+07 722839 785014 7.12388e+07 652476 710668 7.53046e+07 681806 741706 7.53017e+07 681004 740370 1.53991e+06 807391 3053 729465 38535.2 146.446 34559.3 60412.3 60393.6 34168.6
20706 1.55319e+08 1388263 1494777 8.52947e+07 773298 831600 6.7472e+07 612671 660729 7.63865e+07 687051 739659 7.63802e+07 685653 738435 1.55273e+06 864965 2648 685121 41541.8 127.111 32833.7 68214.5 68148.7 35315
20709 1.55535e+08 1393380 1500109 6.76845e+07 616322 664186 8.53775e+07 775466 834205 7.65277e+07 689360 742066 7.65343e+07 688692 741536 1.55906e+06 688969 1742 868344 32937.1 84.963 41582.3 4803.81 37740.9 37763.3
20710 1.54205e+08 1383027 1498908 1.07744e+08 978110 1055383 4.39886e+07 403144 441609 7.58677e+07 682952 740081 7.58652e+07 684670 742162 1.55333e+06 1.10005e+06 1937 451346 52431.8 92.6314 21308.1 52181.8 52153.7 30845.6
20712 1.55668e+08 1392027 1500375 8.56885e+07 777396 837501 6.72968e+07 611243 659220 7.64951e+07 687188 740534 7.64902e+07 689401 743197 1.55667e+06 868849 3599 684199 41720.7 178.287 32751.5 66729.4 66669.5 34029.6
20713 1.55766e+08 1392905 1497817 7.87897e+07 714463 768631 7.44186e+07 676183 726754 7.66019e+07 687949 740048 7.66064e+07 689517 741078 1.55826e+06 798644 2494 757123 38370.6 122.125 36242.2 61490.1 61430 25187.8
20714 1.55483e+08 1390925 1498072 8.08613e+07 733008 790330 7.20662e+07 655507 705132 7.64636e+07 687705 740658 7.64639e+07 687715 740711 1.55616e+06 819826 2647 733683 39354.7 121.974 35093.9 51812.1 51750.9 16657
20715 1.55412e+08 1389603 1497110 8.34721e+07 755852 814447 6.93051e+07 630818 679493 7.63875e+07 687245 740505 7.63898e+07 686772 739807 1.55399e+06 844859 3321 705809 40633.9 164.837 33736 38708.9 74494.2 4909.07
20716 1.5517e+08 1385955 1494659 6.6597e+07 602940 650612 8.6023e+07 780664 841530 7.63114e+07 684642 738440 7.63086e+07 685890 739552 1.55074e+06 674476 2602 873665 32405.9 124.737 41867.8 30436.5 62842.4 62903.7
20717 1.5436e+08 1387344 1501305 5.44573e+07 497137 539787 9.73647e+07 887963 959104 7.59111e+07 685435 741616 7.59109e+07 686419 742939 1.54992e+06 555300 2600 992022 26446.1 125.993 47356 18468.4 44914.5 44975.3
20719 1.54713e+08 1386276 1496222 6.98095e+07 635307 686997 8.23717e+07 748706 806748 7.60911e+07 685302 739525 7.60901e+07 685599 740067 1.54878e+06 709472 2517 836791 33941.7 118.405 40099.9 70301.8 70301.8 36411.1
20720 1.5427e+08 1385871 1497624 9.28818e+07 845259 912354 5.89834e+07 539476 584016 7.59314e+07 685460 740982 7.59338e+07 685079 740105 1.54875e+06 943556 1185 604006 45188.7 54.6956 28674 54285 54285.1 25611
20721 1.55451e+08 1390863 1497745 8.31026e+07 754502 811930 6.98073e+07 634236 683525 7.64556e+07 687762 740620 7.64543e+07 687682 740509 1.55575e+06 843263 2434 710051 40472.7 116.019 33981.1 43365.6 43304.7 9323.59
20722 1.54444e+08 1385011 1495550 6.60065e+07 599576 647163 8.59806e+07 783840 846633 7.59945e+07 684616 739408 7.59926e+07 685086 739593 1.54671e+06 669169 1656 875884 32113.5 78.6108 41826.1 30172.2 61950.8 61967.7
20723 1.54628e+08 1387532 1495745 6.70852e+07 610869 658743 8.50144e+07 774415 834566 7.60508e+07 684988 738206 7.60488e+07 687059 740803 1.54995e+06 681971 2511 865464 32646.7 118.319 41375.3 17507.5 50154.2 50211.8
20724 1.54619e+08 1388598 1498453 7.33362e+07 667526 720465 7.86393e+07 717785 774465 7.59846e+07 686309 740506 7.59909e+07 686751 741136 1.54853e+06 744917 3624 799990 35683.8 173.707 38257.7 71757.5 71699.9 40464.6
20725 1.5472e+08 1384784 1492931 8.46817e+07 769153 829793 6.75195e+07 613553 660901 7.61e+07 684148 737460 7.61013e+07 685255 738857 1.54523e+06 858915 2267 684044 41213 110.915 32859 59243 59190.5 26331.5
20727 1.54337e+08 1382962 1499917 8.11365e+07 735336 791012 7.05548e+07 644354 705403 7.58424e+07 683876 741750 7.5849e+07 684053 741809 1.54682e+06 823680 3647 719493 39521.7 177.565 34184.2 14741.2 52063.6 52126.2
20729 1.55116e+08 1387234 1496333 8.47378e+07 769653 830205 6.78295e+07 615324 663694 7.62866e+07 685657 739574 7.62807e+07 686129 740139 1.55222e+06 861408 2491 688261 41234.9 124.113 33007.4 60346.4 60284.8 27277.4
20730 1.22154e+08 1096848 1198030 6.46466e+07 588438 646055 5.5445e+07 506107 549468 6.00486e+07 542480 592464 6.00429e+07 542222 592283 1.22589e+06 658798 2487 564578 31298.4 121.104 26927.4 47040.9 58348.8 58348.8
20738 1.55671e+08 1392448 1498033 7.65909e+07 696441 750269 7.65217e+07 693679 745244 7.65541e+07 688010 739881 7.65585e+07 689124 741666 1.55699e+06 777692 2663 776635 37284.3 126.685 37277.9 64858.2 64796.9 27519
20739 1.54912e+08 1388513 1497160 8.77903e+07 797362 858806 6.45769e+07 588887 635928 7.61848e+07 686610 740360 7.61824e+07 686525 740236 1.55224e+06 891487 2618 658131 42736.8 127.945 31413 54999.1 54937 23524.1
20740 1.5505e+08 1385989 1494802 7.4336e+07 674323 727701 7.82019e+07 709641 764906 7.62715e+07 685547 739498 7.62664e+07 684853 738557 1.55144e+06 755062 2166 794135 36168.5 102.696 38068.5 37903.4 69787.5 69801.6
20741 1.55647e+08 1391014 1497553 7.35296e+07 666138 716832 7.95588e+07 722540 778209 7.65434e+07 687671 740559 7.6545e+07 687862 740368 1.55588e+06 745273 2633 807969 35808.3 125.041 38738.2 26849 62657.4 62721.1
20745 1.54807e+08 1385428 1497991 8.58597e+07 779167 843842 6.64023e+07 603922 651636 7.61337e+07 685245 741002 7.61283e+07 684788 740384 1.54872e+06 871016 2537 675071 41737.7 120.04 32312.2 55838.8 55779.3 23467.1
20746 1.55697e+08 1393966 1500055 8.14419e+07 738579 794771 7.16992e+07 653052 702792 7.65708e+07 688274 740607 7.65703e+07 690015 742572 1.55794e+06 825696 2573 729672 39665.3 122.139 34912.7 49306.3 49244.7 14332
20749 1.19288e+08 1068036 1151966 5.61093e+07 509674 547683 6.11605e+07 556171 601889 5.86363e+07 528680 570387 5.86335e+07 527594 568882 1.19309e+06 569659 2451 620984 27336.3 120.035 29739.1 50221.7 50159.7 20420.6
20750 1.54907e+08 1387482 1499420 8.29515e+07 754508 817000 6.94155e+07 630703 680002 7.6184e+07 686883 742136 7.6183e+07 685456 740913 1.54989e+06 842308 2543 705040 40325.2 121.185 33789.7 55467.6 55406.6 21616.9
20751 1.52711e+08 1375824 1503770 4.2172e+07 387240 430509 1.07995e+08 986006 1070456 7.50856e+07 680014 743275 7.50814e+07 680500 743680 1.53543e+06 431252 2873 1.1013e+06 20334.8 140.201 52459.3 26408.4 40519 40580.9
20752 1.54583e+08 1386447 1500877 8.9957e+07 819094 887271 6.23325e+07 567258 613442 7.61456e+07 685153 741649 7.61439e+07 686059 742758 1.54821e+06 914608 110 633492 43729.9 3.38747 30311.5 63216.9 63213.5 32902.1
20754 1.55892e+08 1393936 1501374 8.66479e+07 784575 843689 6.66814e+07 607009 655170 7.66671e+07 689655 742854 7.66622e+07 688797 741885 1.55853e+06 877491 2614 678423 42211.5 122.326 32449.2 41620.4 41561.3 9112.11
20755 1.55721e+08 1391579 1497360 7.62684e+07 691348 743949 7.67675e+07 696744 749676 7.65218e+07 687325 739418 7.65141e+07 688734 741260 1.55561e+06 772849 3918 778845 37139.8 189.684 37386.6 37425 73157.6 73222
20756 1.55869e+08 1392643 1498238 7.6437e+07 691311 743354 7.68734e+07 699141 752529 7.66542e+07 687931 739935 7.66562e+07 689251 741631 1.55686e+06 773170 2593 781094 37234.3 126.016 37436.9 31761.5 68995.7 69059.7
20757 1.54825e+08 1388145 1499415 4.92529e+07 450252 490740 1.03029e+08 935595 1006218 7.61407e+07 686217 741170 7.61408e+07 686589 741623 1.55334e+06 502880 2511 1.04794e+06 23894.5 121.813 50190.2 29223.2 53117.7 53179.4
20759 9.04844e+07 808459 870906 7.10939e+07 644819 694626 1.79244e+07 162492 175019 4.45087e+07 399356 430156 4.45096e+07 400062 431035 904734 721532 1267 181935 34615 61.2689 8727 8788.83 43403.8 43403.8
