20596 65950 245832 3928 14481 19499 72284 28612 107618 13907 51417
20597 212110 100436 12639 5928 62398 29462 92231 43735 44804 21292
20598 142409 168080 8447 10030 42100 49241 61906 72859 29944 35924
20599 117994 191748 6983 11161 34824 56740 51338 83368 24835 40461
20600 394361 218049 22733 12655 115415 63795 172033 94756 84137 46818
20601 183943 141544 10868 8281 54406 41789 79912 61769 38730 29689
20609 212979 405402 12399 23360 62559 119076 92529 176423 45460 86505
20610 314947 305528 18528 18083 92276 90209 137432 132683 66678 64515
20611 359825 259843 20980 15353 105601 76469 157052 113169 76153 54814
20612 305572 306586 17791 17986 90056 90273 132787 133853 64904 64435
20613 271058 348357 16111 20554 80086 102576 117939 151763 56887 73428
20614 375743 240931 22173 13896 110620 71053 163752 105079 79138 50868
20615 333123 286301 19482 16950 97911 84027 145412 124918 70269 60369
20642 65251 233654 3839 13803 19027 69062 28572 101449 13804 49309
20643 281256 337989 16402 19700 82904 99757 123037 147273 58890 71211
20646 310639 309288 18295 18184 91499 91100 135737 134646 65067 65325
20647 290019 333710 17212 19649 85334 98298 126173 145411 61264 70316
20648 222580 394133 13210 22857 65520 115734 97122 172507 46685 82985
20649 335432 282807 19738 16533 98801 83055 146293 123306 70550 59871
20650 346733 272647 20123 16182 102353 79955 151573 119023 72643 57452
20651 310366 309383 18235 18165 91944 91229 134698 135255 65451 64694
20652 288775 332149 16956 19129 85240 97956 126028 144807 60509 70220
20653 271319 348330 15858 20358 79429 102359 118360 151662 57644 73911
20654 335838 285678 19779 16575 99421 84248 145992 124576 70606 60246
20655 328992 291485 19293 16959 97008 86127 143547 126590 69097 61775
20656 328722 289495 19324 16881 96748 85283 143061 126242 69543 61059
20657 284550 332701 16558 19456 83658 98218 123961 144668 60342 70322
20658 261020 359004 15281 20832 76827 105805 113827 156637 55058 75694
20659 299463 322743 17696 18950 88351 95225 130323 140617 63067 67903
20660 339997 281467 19862 16376 100013 82979 148867 122760 71217 59313
20662 302572 316013 17720 18175 88994 93005 132020 138062 63798 66725
20663 294365 325274 17428 19134 86831 95895 127903 141715 62163 68488
20664 302294 314258 17477 18463 89045 92665 132088 136839 63652 66254
20665 302755 317203 17879 18614 88861 93021 131831 138067 64141 67466
20666 351316 268747 20379 16068 103636 78834 152252 117283 75005 56523
20667 385325 234197 22510 13743 113971 68992 167615 102005 81186 49425
20668 306579 313177 17815 18117 90310 92998 133772 135878 64641 66136
20669 285211 331391 16821 19337 84045 97925 124150 143812 60161 70273
20670 287607 333146 16726 19594 84561 98146 125320 145048 60968 70312
20671 338736 281296 19704 16542 100083 82685 147874 122170 71037 59867
20672 215019 277893 12589 16115 63205 81985 93860 120917 45348 58844
20673 358546 259986 20848 14915 105923 76968 156160 112869 75569 55196
20674 308226 311018 17638 17707 89982 90551 134064 135497 66510 67235
20682 281260 340410 16471 20018 82927 100194 122219 148526 59611 71631
20683 187887 222985 10979 12908 55434 65896 81947 96986 39504 47166
20684 440842 170015 25893 9930 129636 49815 192149 73921 93095 36322
20685 305123 315825 17690 18313 89547 93060 133291 137381 64558 67030
20686 294773 327325 17579 19411 87227 96913 128328 142629 61600 68340
20687 293673 327037 17111 19142 86624 96502 128179 142174 61730 69186
20688 282228 339459 16299 19708 83176 100232 123128 147552 59579 71921
20689 354122 264106 20807 15428 104155 77432 154586 115393 74531 55818
20691 311350 311692 18049 18107 91510 91989 135837 135707 65923 65849
20692 310138 310839 18197 18350 91574 91193 134521 135507 65810 65749
20693 347072 270640 20279 15877 102474 79806 150982 117699 73304 57231
20694 341140 281392 20100 16401 100570 82671 148147 122385 72276 59908
20695 294352 326228 17334 19235 86654 95766 127904 142814 62416 68369
20696 281326 340496 16326 19938 82818 100206 122449 148495 59697 71813
20698 312691 308078 18371 18270 92167 90951 136096 133952 66022 64871
20699 341699 280784 19913 16570 100780 82439 148717 122449 72245 59286
20700 366725 253350 21298 14637 108017 74384 159378 110622 77989 53675
20701 330367 280004 19234 16320 97169 82130 144256 121747 69664 59777
20702 295339 323656 16932 18923 86787 95537 128883 140814 62702 68344
20703 321517 290025 18553 16746 94247 85179 140058 126109 68619 61961
20706 346281 273312 20192 16012 102244 80248 150225 119504 73588 57511
20707 337335 283132 19734 16471 99143 83680 146875 123575 71545 59378
20709 275631 346605 16031 20116 81506 101831 119919 151398 58149 73234
20710 438503 178604 25621 10382 129323 52307 190955 77936 92563 37958
20712 349216 273093 20543 16013 102477 80506 152691 118931 73469 57606
20713 319682 303387 18710 17726 94550 89783 139002 131739 67387 64107
20714 327636 293375 19160 17132 96663 86582 143239 127721 68542 61903
20715 337720 281787 19915 16370 99207 82985 147241 122697 71317 59695
20716 269783 349131 15781 20425 79677 102726 117285 152132 57003 73815
20717 220668 396430 12850 23158 64906 116296 96262 173576 46627 83362
20719 283857 335388 16531 19744 83739 98279 123715 146575 59836 70750
20720 378184 240815 22155 14076 111409 71075 164874 104665 79694 50954
20721 337886 284781 19510 16581 99286 83985 147356 124096 71684 60090
20722 268567 350455 15533 20285 78911 103403 117346 152694 56742 74031
20723 273258 347211 16041 20087 80388 102099 119202 151289 57579 73688
20724 298737 320666 17311 18835 88001 94048 130484 140073 62904 67664
20725 344164 275403 20034 16089 101573 81054 150012 119905 72509 58319
20726 352183 265722 20306 15606 103710 78363 153534 115666 74585 56046
20727 329814 285517 19189 16654 97104 83767 143884 124990 69600 60068
20729 344601 275673 20027 16036 101394 81371 150286 119904 72858 58327
20730 260211 225030 15325 13224 76505 65830 113070 98387 55285 47568
20738 311539 311409 18134 18323 91791 91446 135468 135388 66100 66221
20739 356757 263122 20697 15299 105136 77374 155349 115182 75538 55237
20740 300605 318533 17431 18442 88805 94079 131102 138960 63233 67002
20741 298692 323679 17273 18779 87570 95169 130114 141109 63701 68579
20742 282899 347660 16534 20214 83129 102595 122852 151206 60352 73602
20744 305072 315598 17932 18420 89558 93364 132880 137326 64667 66459
20745 347332 269783 20265 15667 102207 79221 151038 117807 73789 57062
20746 331135 292927 19234 16903 97547 86630 144124 127531 70188 61827
20749 228822 249672 13336 14586 67762 73904 99372 108747 48322 52406
20750 337827 282870 19674 16639 99624 83900 147026 122854 71457 59433
20751 170349 440860 9932 25921 50096 129951 74282 192110 36016 92822
20752 365755 253883 21276 14901 108122 74871 158727 110459 77585 53622
20754 350704 271513 20357 15881 103380 79817 152984 118321 73940 57468
20755 310258 312350 18093 18496 91545 92313 135211 135795 65365 65709
20756 309365 314607 17967 18140 91291 92776 134465 137327 65608 66323
20757 200871 419835 11773 24596 58801 123982 87434 182991 42837 88219
20759 289733 72882 16524 4233 84628 21129 126688 31642 61872 15871
20789 328434 296576 19063 17513 97595 87639 142802 129013 68933 62376
