20596 1383 6247 1821 7909 5229 19626 4483 16890 18.65300000000002 18.65300000000002 699.99999999999989
20597 4860 2303 6285 2975 16707 8020 14465 6806 18.65300000000002 18.65300000000002 699.99999999999989
20598 3447 3811 4398 4939 11204 13282 9662 11515 18.65300000000002 18.65300000000002 699.99999999999989
20599 2794 5149 3580 6412 9187 14990 8170 12852 18.65300000000002 18.65300000000002 699.99999999999989
20600 10690 6382 13324 7822 31269 16906 26735 14834 18.65300000000002 18.65300000000002 699.99999999999989
20601 5612 4309 6818 5239 13900 10903 12396 9448 18.65300000000002 18.65300000000002 699.99999999999989
20609 5786 9367 7196 12103 16565 32569 14223 27681 18.65300000000002 18.65300000000002 699.99999999999989
20610 7153 6549 9292 8625 25084 24526 21916 21048 18.65300000000002 18.65300000000002 699.99999999999989
20611 8660 6122 11084 7886 28606 20690 24698 18062 18.65300000000002 18.65300000000002 699.99999999999989
20612 8027 8918 10058 10955 23624 24071 20925 20841 18.65300000000002 18.65300000000002 699.99999999999989
20613 6528 7738 8343 10099 21279 27934 18605 23983 18.65300000000002 18.65300000000002 699.99999999999989
20614 8870 5206 11390 6835 29910 19125 25676 16481 18.65300000000002 18.65300000000002 699.99999999999989
20615 7363 6308 9637 8252 26531 22951 23214 19802 18.65300000000002 18.65300000000002 699.99999999999989
20642 1751 5615 2186 7181 5128 18378 4448 16035 18.65300000000002 18.65300000000002 699.99999999999989
20643 6569 7964 8477 10238 22406 26818 19453 23315 18.65300000000002 18.65300000000002 699.99999999999989
20646 7837 7010 9922 9089 24826 24427 21163 21179 18.65300000000002 18.65300000000002 699.99999999999989
20647 6823 7406 8779 9659 23034 26461 19979 23016 18.65300000000002 18.65300000000002 699.99999999999989
20648 5428 9506 6919 12167 17417 31608 15150 27124 18.65300000000002 18.65300000000002 699.99999999999989
20649 8209 6729 10465 8631 26675 22435 23018 19351 18.65300000000002 18.65300000000002 699.99999999999989
20650 7884 6503 10236 8342 27620 21559 23988 18919 18.65300000000002 18.65300000000002 699.99999999999989
20651 6764 7237 8870 9316 25067 24545 21343 21165 18.65300000000002 18.65300000000002 699.99999999999989
20652 6675 7873 8631 10108 22890 26265 20043 22853 18.65300000000002 18.65300000000002 699.99999999999989
20653 6218 7796 8036 10157 21598 27804 18621 24389 18.65300000000002 18.65300000000002 699.99999999999989
20654 7498 6529 9760 8464 26478 22851 23197 19706 18.65300000000002 18.65300000000002 699.99999999999989
20655 7420 6534 9643 8499 26089 23004 22602 20213 18.65300000000002 18.65300000000002 699.99999999999989
20656 7979 6756 10184 8709 25797 22921 22605 20036 18.65300000000002 18.65300000000002 699.99999999999989
20657 7068 7390 8982 9634 22484 26505 19693 22838 18.65300000000002 18.65300000000002 699.99999999999989
20658 6144 8382 7905 10809 20529 28696 18002 24643 18.65300000000002 18.65300000000002 699.99999999999989
20659 6679 7163 8713 9347 23817 25715 20852 22343 18.65300000000002 18.65300000000002 699.99999999999989
20660 7790 6522 10115 8427 27225 22265 23668 19637 18.65300000000002 18.65300000000002 699.99999999999989
20662 6813 7633 8856 9766 24074 24987 20913 22022 18.65300000000002 18.65300000000002 699.99999999999989
20663 6528 7676 8523 9881 23651 25982 20265 22452 18.65300000000002 18.65300000000002 699.99999999999989
20664 6692 7382 8738 9500 24337 25151 20892 21525 18.65300000000002 18.65300000000002 699.99999999999989
20665 7114 7320 9160 9465 24062 25215 20960 21963 18.65300000000002 18.65300000000002 699.99999999999989
20666 8359 6208 10723 8029 27732 21286 24033 18741 18.65300000000002 18.65300000000002 699.99999999999989
20667 8334 5557 10935 7132 30745 18619 26474 16019 18.65300000000002 18.65300000000002 699.99999999999989
20668 7092 7090 9165 9190 24172 24672 21298 21538 18.65300000000002 18.65300000000002 699.99999999999989
20669 6488 7840 8414 10063 22647 25983 19587 22569 18.65300000000002 18.65300000000002 699.99999999999989
20670 6598 7228 8539 9475 22967 26375 19814 22909 18.65300000000002 18.65300000000002 699.99999999999989
20671 7699 6416 9991 8303 26997 22276 23561 19291 18.65300000000002 18.65300000000002 699.99999999999989
20672 4800 6430 6252 8311 17037 22175 14923 19212 18.65300000000002 18.65300000000002 699.99999999999989
20673 7782 6215 10203 7958 28297 20631 24933 17840 18.65300000000002 18.65300000000002 699.99999999999989
20674 6933 6840 9027 8940 24476 24756 21433 21426 18.65300000000002 18.65300000000002 699.99999999999989
20682 6363 7559 8262 9872 22353 27422 19444 23349 18.65300000000002 18.65300000000002 699.99999999999989
20683 5320 5144 6571 6638 14804 17564 12671 15303 18.65300000000002 18.65300000000002 699.99999999999989
20684 9752 3831 12734 4971 35188 13683 30275 11612 18.65300000000002 18.65300000000002 699.99999999999989
20685 7174 7419 9232 9552 24049 25069 21197 21830 18.65300000000002 18.65300000000002 699.99999999999989
20686 6698 7096 8684 9322 23408 26101 20253 22867 18.65300000000002 18.65300000000002 699.99999999999989
20687 6707 7608 8699 9807 23327 25741 20462 22496 18.65300000000002 18.65300000000002 699.99999999999989
20688 6423 7766 8328 10046 22537 26739 19360 23180 18.65300000000002 18.65300000000002 699.99999999999989
20689 8722 6450 11101 8223 27937 20982 24430 17994 18.65300000000002 18.65300000000002 699.99999999999989
20691 6976 6952 9085 9061 24604 24880 21550 21484 18.65300000000002 18.65300000000002 699.99999999999989
20692 7008 6934 9093 9043 24367 24806 21420 21411 18.65300000000002 18.65300000000002 699.99999999999989
20693 8064 5970 10398 7797 27489 21634 23737 18591 18.65300000000002 18.65300000000002 699.99999999999989
20694 7485 6631 9786 8527 27153 22494 23354 19320 18.65300000000002 18.65300000000002 699.99999999999989
20695 6920 7699 8918 9910 23633 26377 20456 22493 18.65300000000002 18.65300000000002 699.99999999999989
20696 6446 7894 8354 10198 22372 27028 19519 23687 18.65300000000002 18.65300000000002 699.99999999999989
20698 7281 7000 9402 9082 25082 24811 21715 21103 18.65300000000002 18.65300000000002 699.99999999999989
20699 7525 6334 9832 8224 27129 22593 23537 19026 18.65300000000002 18.65300000000002 699.99999999999989
20700 8489 6260 10949 7958 29031 19919 25215 17333 18.65300000000002 18.65300000000002 699.99999999999989
20701 7413 6556 9651 8431 26354 22030 23030 19113 18.65300000000002 18.65300000000002 699.99999999999989
20702 6633 7737 8637 9930 23366 25755 20674 22287 18.65300000000002 18.65300000000002 699.99999999999989
20703 8076 6855 10248 8811 25571 22624 22057 20188 18.65300000000002 18.65300000000002 699.99999999999989
20706 7667 6472 10001 8335 27466 21472 23882 19245 18.65300000000002 18.65300000000002 699.99999999999989
20707 8148 6437 10410 8351 26670 22414 23097 19472 18.65300000000002 18.65300000000002 699.99999999999989
20709 6472 7620 8347 9969 21794 27407 19154 23937 18.65300000000002 18.65300000000002 699.99999999999989
20710 10158 4426 13134 5632 34824 14111 30374 12332 18.65300000000002 18.65300000000002 699.99999999999989
20712 8174 6364 10535 8209 27922 21788 24234 18815 18.65300000000002 18.65300000000002 699.99999999999989
20713 7333 6598 9484 8641 25331 23997 22078 20867 18.65300000000002 18.65300000000002 699.99999999999989
20714 7794 6609 10020 8592 26216 23208 22647 20424 18.65300000000002 18.65300000000002 699.99999999999989
20715 7999 6520 10273 8416 26706 22224 23372 19256 18.65300000000002 18.65300000000002 699.99999999999989
20716 6314 8135 8129 10493 21409 27694 18448 24103 18.65300000000002 18.65300000000002 699.99999999999989
20717 4991 9587 6491 12269 17656 31670 15424 27213 18.65300000000002 18.65300000000002 699.99999999999989
20719 7397 7759 9290 10033 22294 26871 19375 23133 18.65300000000002 18.65300000000002 699.99999999999989
20720 9310 6175 11872 7783 30226 18943 26169 16372 18.65300000000002 18.65300000000002 699.99999999999989
20721 7830 6702 10128 8622 27293 22560 23468 19902 18.65300000000002 18.65300000000002 699.99999999999989
20722 6714 8600 8520 10964 21194 27600 18621 24327 18.65300000000002 18.65300000000002 699.99999999999989
20723 6752 8404 8582 10756 21813 27495 18662 24215 18.65300000000002 18.65300000000002 699.99999999999989
20724 7504 7937 9517 10103 23671 25174 20578 22403 18.65300000000002 18.65300000000002 699.99999999999989
20725 8687 6784 11006 8644 27322 21748 23718 19075 18.65300000000002 18.65300000000002 699.99999999999989
20726 9103 6729 11467 8514 27790 20964 24332 18242 18.65300000000002 18.65300000000002 699.99999999999989
20727 7131 6610 9375 8557 26421 22936 22925 19689 18.65300000000002 18.65300000000002 699.99999999999989
20729 8046 6400 10386 8254 27434 22002 24046 18799 18.65300000000002 18.65300000000002 699.99999999999989
20730 5462 5673 7229 7191 20805 17707 18084 15608 18.65300000000002 18.65300000000002 699.99999999999989
20738 7166 6784 9266 8893 24744 24633 21506 21681 18.65300000000002 18.65300000000002 699.99999999999989
20739 8348 6393 10745 8184 28342 21069 24344 18257 18.65300000000002 18.65300000000002 699.99999999999989
20740 6262 6409 8338 8614 24519 25893 21090 22584 18.65300000000002 18.65300000000002 699.99999999999989
20741 6009 6458 8076 8702 24215 26134 21044 23171 18.65300000000002 18.65300000000002 699.99999999999989
20742 5814 6584 7758 8984 22967 28165 19804 24646 18.65300000000002 18.65300000000002 699.99999999999989
20744 6148 6599 8260 8762 24810 25513 21500 22275 18.65300000000002 18.65300000000002 699.99999999999989
20745 7165 5663 9556 7532 28123 21941 24491 19392 18.65300000000002 18.65300000000002 699.99999999999989
20746 6768 5701 9051 7726 26729 24015 23395 20769 18.65300000000002 18.65300000000002 699.99999999999989
20749 4389 5340 5973 7062 18827 20472 16139 17624 18.65300000000002 18.65300000000002 699.99999999999989
20750 7359 5550 9684 7521 27309 23177 23856 20283 18.65300000000002 18.65300000000002 699.99999999999989
20751 3893 8766 5063 11817 13857 35983 11939 30845 18.65300000000002 18.65300000000002 699.99999999999989
20752 7693 5187 10201 6939 29308 20606 26034 17840 18.65300000000002 18.65300000000002 699.99999999999989
20754 6876 5695 9306 7573 28618 21893 25158 19358 18.65300000000002 18.65300000000002 699.99999999999989
20755 6194 6130 8342 8296 25345 25630 22002 22074 18.65300000000002 18.65300000000002 699.99999999999989
20756 6158 6237 8291 8415 25100 25943 21881 22200 18.65300000000002 18.65300000000002 699.99999999999989
20757 4386 8002 5766 10918 16125 34126 14136 30120 18.65300000000002 18.65300000000002 699.99999999999989
20759 5833 1388 7852 1883 23531 5953 20674 5059 18.65300000000002 18.65300000000002 699.99999999999989
20789 1434 1345 3324 3055 24659 22296 18235 16534 18.65300000000002 18.65300000000002 699.99999999999989
