############ LEFT VDC #########################
No of Crate, Slot, First, Last chans
[ L.vdc.u1 ]
3       7       0      95                  U1: u1cr1, u1sl1, u1cf1, u1cl1
3       8       0      95                  ~~~ u1cr2, u1sl2, u1cf2, u1cl2
3       9       0      95                      u1cr3, u1sl3, u1cf3, u1cl3
3       10       0      79                      u1cr4, u1sl4, u1cf4, u1cl4
0.0  0.77852 -.0042426 -45.0                   z, wbeg, wspac, wangle (m)
49.28e3                                        Drift velocity (m/s)
TDC Offset Values
   1 1450.2    2 1450.2    3 1450.2    4 1450.2    5 1450.2    6 1450.2    7 1450.2    8 1450.2
   9 1450.2   10 1450.2   11 1450.2   12 1450.2   13 1450.2   14 1450.2   15 1450.2   16 1450.2
  17 1450.2   18 1450.2   19 1450.2   20 1450.2   21 1450.2   22 1450.2   23 1450.2   24 1450.2
  25 1450.2   26 1450.2   27 1450.2   28 1450.2   29 1450.2   30 1450.2   31 1450.2   32 1450.2
  33 1814.7   34 1814.7   35 1814.7   36 1814.7   37 1814.7   38 1814.7   39 1814.7   40 1814.7
  41 1814.7   42 1814.7   43 1814.7   44 1814.7   45 1814.7   46 1814.7   47 1814.7   48 1814.7
  49 1813.3   50 1813.3   51 1813.3   52 1813.3   53 1813.3   54 1813.3   55 1813.3   56 1813.3
  57 1813.3   58 1813.3   59 1813.3   60 1813.3   61 1813.3   62 1813.3   63 1813.3   64 1813.3
  65 1814.3   66 1814.3   67 1814.3   68 1814.3   69 1814.3   70 1814.3   71 1814.3   72 1814.3
  73 1814.3   74 1814.3   75 1814.3   76 1814.3   77 1814.3   78 1814.3   79 1814.3   80 1814.3
  81 1815.3   82 1815.3   83 1815.3   84 1815.3   85 1815.3   86 1815.3   87 1815.3   88 1815.3
  89 1815.3   90 1815.3   91 1815.3   92 1815.3   93 1815.3   94 1815.3   95 1815.3   96 1815.3
  97 1821.7   98 1821.7   99 1821.7  100 1821.7  101 1821.7  102 1821.7  103 1821.7  104 1821.7
 105 1821.7  106 1821.7  107 1821.7  108 1821.7  109 1821.7  110 1821.7  111 1821.7  112 1821.7
 113 1817.8  114 1817.8  115 1817.8  116 1817.8  117 1817.8  118 1817.8  119 1817.8  120 1817.8
 121 1817.8  122 1817.8  123 1817.8  124 1817.8  125 1817.8  126 1817.8  127 1817.8  128 1817.8
 129 1818.5  130 1818.5  131 1818.5  132 1818.5  133 1818.5  134 1818.5  135 1818.5  136 1818.5
 137 1818.5  138 1818.5  139 1818.5  140 1818.5  141 1818.5  142 1818.5  143 1818.5  144 1818.5
 145 1817.3  146 1817.3  147 1817.3  148 1817.3  149 1817.3  150 1817.3  151 1817.3  152 1817.3
 153 1817.3  154 1817.3  155 1817.3  156 1817.3  157 1817.3  158 1817.3  159 1817.3  160 1817.3
 161 1814.8  162 1814.8  163 1814.8  164 1814.8  165 1814.8  166 1814.8  167 1814.8  168 1814.8
 169 1814.8  170 1814.8  171 1814.8  172 1814.8  173 1814.8  174 1814.8  175 1814.8  176 1814.8
 177 1818.1  178 1818.1  179 1818.1  180 1818.1  181 1818.1  182 1818.1  183 1818.1  184 1818.1
 185 1818.1  186 1818.1  187 1818.1  188 1818.1  189 1818.1  190 1818.1  191 1818.1  192 1818.1
 193 1823.5  194 1823.5  195 1823.5  196 1823.5  197 1823.5  198 1823.5  199 1823.5  200 1823.5
 201 1823.5  202 1823.5  203 1823.5  204 1823.5  205 1823.5  206 1823.5  207 1823.5  208 1823.5
 209 1818.4  210 1818.4  211 1818.4  212 1818.4  213 1818.4  214 1818.4  215 1818.4  216 1818.4
 217 1818.4  218 1818.4  219 1818.4  220 1818.4  221 1818.4  222 1818.4  223 1818.4  224 1818.4
 225 1821.0  226 1821.0  227 1821.0  228 1821.0  229 1821.0  230 1821.0  231 1821.0  232 1821.0
 233 1821.0  234 1821.0  235 1821.0  236 1821.0  237 1821.0  238 1821.0  239 1821.0  240 1821.0
 241 1822.1  242 1822.1  243 1822.1  244 1822.1  245 1822.1  246 1822.1  247 1822.1  248 1822.1
 249 1822.1  250 1822.1  251 1822.1  252 1822.1  253 1822.1  254 1822.1  255 1822.1  256 1822.1
 257 1825.7  258 1825.7  259 1825.7  260 1825.7  261 1825.7  262 1825.7  263 1825.7  264 1825.7
 265 1825.7  266 1825.7  267 1825.7  268 1825.7  269 1825.7  270 1825.7  271 1825.7  272 1825.7
 273 1823.0  274 1823.0  275 1823.0  276 1823.0  277 1823.0  278 1823.0  279 1823.0  280 1823.0
 281 1823.0  282 1823.0  283 1823.0  284 1823.0  285 1823.0  286 1823.0  287 1823.0  288 1823.0
 289 1825.6  290 1825.6  291 1825.6  292 1825.6  293 1825.6  294 1825.6  295 1825.6  296 1825.6
 297 1825.6  298 1825.6  299 1825.6  300 1825.6  301 1825.6  302 1825.6  303 1825.6  304 1825.6
 305 1828.2  306 1828.2  307 1828.2  308 1828.2  309 1828.2  310 1828.2  311 1828.2  312 1828.2
 313 1828.2  314 1828.2  315 1828.2  316 1828.2  317 1828.2  318 1828.2  319 1828.2  320 1828.2
 321 1828.2  322 1828.2  323 1828.2  324 1828.2  325 1828.2  326 1828.2  327 1828.2  328 1828.2
 329 1828.2  330 1828.2  331 1828.2  332 1828.2  333 1828.2  334 1828.2  335 1828.2  336 1828.2
 337 1828.2  338 1828.2  339 1828.2  340 1828.2  341 1828.2  342 1828.2  343 1828.2  344 1828.2
 345 1828.2  346 1828.2  347 1828.2  348 1828.2  349 1828.2  350 1828.2  351 1828.2  352 1828.2
 353 1828.2  354 1828.2  355 1828.2  356 1828.2  357 1828.2  358 1828.2  359 1828.2  360 1828.2
 361 1828.2  362 1828.2  363 1828.2  364 1828.2  365 1828.2  366 1828.2  367 1828.2  368 1828.2
 357 1791.3  358 1791.3  359 1791.3  360 1791.3
 361 1791.3  362 1791.3  363 1791.3  364 1791.3  365 1791.3  366 1791.3  367 1791.3  368 1791.3
TTD Lookup Table
-2.350e-08
745
 0.0047  0.0104  0.0171  0.0247  0.0333  0.0430  0.0534  0.0647  0.0771  0.0895
 0.1035  0.1177  0.1336  0.1503  0.1692  0.1895  0.2120  0.2356  0.2628  0.2919
 0.3238  0.3571  0.3934  0.4305  0.4692  0.5094  0.5550  0.5981  0.6427  0.6859
 0.7318  0.7763  0.8221  0.8665  0.9132  0.9580  1.0034  1.0467  1.0922  1.1360
 1.1822  1.2263  1.2721  1.3167  1.3620  1.4060  1.4513  1.4957  1.5404  1.5840
 1.6299  1.6728  1.7178  1.7617  1.8074  1.8515  1.8962  1.9399  1.9847  2.0286
 2.0736  2.1172  2.1622  2.2051  2.2496  2.2923  2.3369  2.3796  2.4231  2.4645
 2.5080  2.5497  2.5920  2.6332  2.6748  2.7150  2.7553  2.7945  2.8341  2.8721
 2.9112  2.9483  2.9862  3.0229  3.0594  3.0942  3.1294  3.1632  3.1974  3.2302
 3.2636  3.2952  3.3265  3.3567  3.3878  3.4181  3.4471  3.4752  3.5038  3.5303
 3.5575  3.5838  3.6105  3.6367  3.6628  3.6884  3.7178  3.7444  3.7717  3.7981
 3.8258  3.8531  3.8813  3.9084  3.9363  3.9632  3.9906  4.0172  4.0447  4.0714
 4.0989  4.1254  4.1528  4.1792  4.2057  4.2313  4.2587  4.2848  4.3114  4.3364
 4.3637  4.3893  4.4153  4.4407  4.4669  4.4915  4.5173  4.5421  4.5679  4.5927
 4.6183  4.6431  4.6685  4.6930  4.7178  4.7419  4.7674  4.7917  4.8168  4.8405
 4.8652  4.8889  4.9133  4.9369  4.9620  4.9862  5.0110  5.0349  5.0593  5.0828
 5.1073  5.1311  5.1554  5.1792  5.2032  5.2266  5.2509  5.2741  5.2980  5.3212
 5.3455  5.3692  5.3935  5.4170  5.4413  5.4651  5.4896  5.5123  5.5367  5.5599
 5.5836  5.6062  5.6299  5.6532  5.6772  5.7001  5.7267  5.7504  5.7738  5.7967
 5.8200  5.8429  5.8661  5.8898  5.9139  5.9368  5.9607  5.9837  6.0070  6.0301
 6.0533  6.0761  6.0989  6.1216  6.1447  6.1670  6.1897  6.2125  6.2352  6.2574
 6.2797  6.3022  6.3251  6.3470  6.3693  6.3911  6.4131  6.4353  6.4580  6.4798
 6.5020  6.5239  6.5460  6.5680  6.5905  6.6128  6.6350  6.6580  6.6810  6.7033
 6.7266  6.7492  6.7721  6.7949  6.8189  6.8426  6.8661  6.8897  6.9135  6.9374
 6.9607  6.9840  7.0076  7.0313  7.0549  7.0785  7.1031  7.1266  7.1509  7.1735
 7.1972  7.2204  7.2445  7.2679  7.2915  7.3148  7.3383  7.3616  7.3858  7.4092
 7.4329  7.4568  7.4801  7.5035  7.5271  7.5505  7.5766  7.5996  7.6222  7.6453
 7.6682  7.6916  7.7146  7.7374  7.7609  7.7843  7.8076  7.8307  7.8543  7.8774
 7.9004  7.9231  7.9469  7.9698  7.9931  8.0164  8.0394  8.0622  8.0849  8.1079
 8.1310  8.1539  8.1770  8.2002  8.2231  8.2466  8.2694  8.2929  8.3160  8.3393
 8.3621  8.3851  8.4079  8.4311  8.4534  8.4767  8.5001  8.5234  8.5462  8.5685
 8.5912  8.6141  8.6371  8.6597  8.6823  8.7047  8.7280  8.7508  8.7731  8.7955
 8.8183  8.8412  8.8642  8.8875  8.9103  8.9331  8.9560  8.9788  9.0017  9.0247
 9.0474  9.0705  9.0937  9.1161  9.1386  9.1607  9.1836  9.2058  9.2280  9.2506
 9.2729  9.2951  9.3177  9.3404  9.3629  9.3854  9.4099  9.4324  9.4547  9.4777
 9.5000  9.5226  9.5445  9.5671  9.5892  9.6117  9.6334  9.6554  9.6774  9.6995
 9.7220  9.7446  9.7666  9.7888  9.8105  9.8332  9.8564  9.8794  9.9017  9.9246
 9.9464  9.9693  9.9917 10.0145 10.0373 10.0598 10.0820 10.1048 10.1274 10.1504
10.1730 10.1960 10.2187 10.2418 10.2639 10.2868 10.3099 10.3334 10.3562 10.3790
10.4018 10.4246 10.4472 10.4705 10.4935 10.5171 10.5392 10.5618 10.5845 10.6078
10.6300 10.6531 10.6755 10.6987 10.7214 10.7439 10.7662 10.7886 10.8107 10.8335
10.8557 10.8787 10.9008 10.9234 10.9457 10.9690 10.9913 11.0141 11.0365 11.0592
11.0813 11.1045 11.1271 11.1500 11.1721 11.1950 11.2191 11.2423 11.2645 11.2873
11.3093 11.3322 11.3544 11.3773 11.3994 11.4229 11.4445 11.4676 11.4897 11.5123
11.5344 11.5574 11.5793 11.6020 11.6240 11.6468 11.6681 11.6905 11.7124 11.7354
11.7576 11.7806 11.8025 11.8252 11.8471 11.8702 11.8925 11.9151 11.9370 11.9597
11.9822 12.0044 12.0264 12.0490 12.0709 12.0934 12.1152 12.1381 12.1601 12.1828
12.2044 12.2271 12.2491 12.2712 12.2934 12.3162 12.3380 12.3604 12.3822 12.4050
12.4271 12.4493 12.4711 12.4938 12.5157 12.5379 12.5598 12.5821 12.6037 12.6260
12.6479 12.6709 12.6922 12.7152 12.7370 12.7591 12.7807 12.8028 12.8254 12.8479
12.8698 12.8916 12.9136 12.9368 12.9589 12.9813 13.0075 13.0303 13.0521 13.0748
13.0964 13.1193 13.1401 13.1630 13.1846 13.2074 13.2288 13.2518 13.2734 13.2960
13.3181 13.3407 13.3626 13.3853 13.4071 13.4295 13.4514 13.4740 13.4955 13.5181
13.5395 13.5624 13.5843 13.6068 13.6287 13.6510 13.6726 13.6956 13.7171 13.7400
13.7615 13.7843 13.8060 13.8287 13.8507 13.8734 13.8952 13.9180 13.9398 13.9622
13.9839 14.0067 14.0276 14.0500 14.0716 14.0936 14.1149 14.1375 14.1586 14.1807
14.2020 14.2239 14.2448 14.2668 14.2876 14.3093 14.3298 14.3521 14.3724 14.3937
14.4140 14.4347 14.4543 14.4748 14.4938 14.5132 14.5318 14.5520 14.5702 14.5893
14.6069 14.6259 14.6435 14.6613 14.6777 14.6952 14.7126 14.7290 14.7442 14.7600
14.7747 14.7896 14.8033 14.8178 14.8307 14.8447 14.8574 14.8702 14.8825 14.8943
14.9054 14.9164 14.9269 14.9376 14.9474 14.9569 14.9660 14.9748 14.9827 14.9908
14.9980 15.0056 15.0122 15.0189 15.0248 15.0312 15.0368 15.0422 15.0473 15.0523
15.0568 15.0610 15.0650 15.0689 15.0724 15.0761 15.0792 15.0822 15.0849 15.0875
15.0898 15.0922 15.0942 15.0962 15.0980 15.0997 15.1012 15.1026 15.1037 15.1049
15.1059 15.1070 15.1078 15.1086 15.1094 15.1101 15.1107 15.1114 15.1118 15.1124
15.1129 15.1132 15.1135 15.1138 15.1141 15.1144 15.1146 15.1149 15.1151 15.1153
15.1155 15.1156 15.1158 15.1160 15.1161 15.1162 15.1163 15.1164 15.1165 15.1166
15.1167 15.1168 15.1169 15.1169 15.1170 15.1171 15.1172 15.1172 15.1173 15.1174
15.1174 15.1175 15.1175 15.1176 15.1176 15.1176 15.1177 15.1177 15.1178 15.1178
15.1179 15.1179 15.1180 
[ L.vdc.v1 ]
3      19       0      95                  V1: v1cr1, v1sl1, v1cf1, v1cl1
3      20       0      95                      v1cr2, v1sl2, v1cf2, v1cl2
3      21       0      95                      v1cr3, v1sl3, v1cf3, v1cl3
3      22       0      79                      v1cr4, v1sl4, v1cf4, v1cl4
0.026  0.77852 -.0042426 45.0                  z, wbeg, wspac, wangle (m)
49.13e3                                        Drift velocity (m/s)
TDC Offset Values
   1 1828.2    2 1828.2    3 1828.2    4 1828.2    5 1828.2    6 1828.2    7 1828.2    8 1828.2
   9 1828.2   10 1828.2   11 1828.2   12 1828.2   13 1828.2   14 1828.2   15 1828.2   16 1828.2
  17 1828.2   18 1828.2   19 1828.2   20 1828.2   21 1828.2   22 1828.2   23 1828.2   24 1828.2
  25 1828.2   26 1828.2   27 1828.2   28 1828.2   29 1828.2   30 1828.2   31 1828.2   32 1828.2
  33 1820.6   34 1820.6   35 1820.6   36 1820.6   37 1820.6   38 1820.6   39 1820.6   40 1820.6
  41 1820.6   42 1820.6   43 1820.6   44 1820.6   45 1820.6   46 1820.6   47 1820.6   48 1820.6
  49 1823.4   50 1823.4   51 1823.4   52 1823.4   53 1823.4   54 1823.4   55 1823.4   56 1823.4
  57 1823.4   58 1823.4   59 1823.4   60 1823.4   61 1823.4   62 1823.4   63 1823.4   64 1823.4
  65 1824.1   66 1824.1   67 1824.1   68 1824.1   69 1824.1   70 1824.1   71 1824.1   72 1824.1
  73 1824.1   74 1824.1   75 1824.1   76 1824.1   77 1824.1   78 1824.1   79 1824.1   80 1824.1
  81 1822.6   82 1822.6   83 1822.6   84 1822.6   85 1822.6   86 1822.6   87 1822.6   88 1822.6
  89 1822.6   90 1822.6   91 1822.6   92 1822.6   93 1822.6   94 1822.6   95 1822.6   96 1822.6
  97 1824.7   98 1824.7   99 1824.7  100 1824.7  101 1824.7  102 1824.7  103 1824.7  104 1824.7
 105 1824.7  106 1824.7  107 1824.7  108 1824.7  109 1824.7  110 1824.7  111 1824.7  112 1824.7
 113 1827.7  114 1827.7  115 1827.7  116 1827.7  117 1827.7  118 1827.7  119 1827.7  120 1827.7
 121 1827.7  122 1827.7  123 1827.7  124 1827.7  125 1827.7  126 1827.7  127 1827.7  128 1827.7
 129 1825.3  130 1825.3  131 1825.3  132 1825.3  133 1825.3  134 1825.3  135 1825.3  136 1825.3
 137 1825.3  138 1825.3  139 1825.3  140 1825.3  141 1825.3  142 1825.3  143 1825.3  144 1825.3
 145 1827.3  146 1827.3  147 1827.3  148 1827.3  149 1827.3  150 1827.3  151 1827.3  152 1827.3
 153 1827.3  154 1827.3  155 1827.3  156 1827.3  157 1827.3  158 1827.3  159 1827.3  160 1827.3
 161 1824.5  162 1824.5  163 1824.5  164 1824.5  165 1824.5  166 1824.5  167 1824.5  168 1824.5
 169 1824.5  170 1824.5  171 1824.5  172 1824.5  173 1824.5  174 1824.5  175 1824.5  176 1824.5
 177 1824.7  178 1824.7  179 1824.7  180 1824.7  181 1824.7  182 1824.7  183 1824.7  184 1824.7
 185 1824.7  186 1824.7  187 1824.7  188 1824.7  189 1824.7  190 1824.7  191 1824.7  192 1824.7
 193 1825.1  194 1825.1  195 1825.1  196 1825.1  197 1825.1  198 1825.1  199 1825.1  200 1825.1
 201 1825.1  202 1825.1  203 1825.1  204 1825.1  205 1825.1  206 1825.1  207 1825.1  208 1825.1
 209 1828.1  210 1828.1  211 1828.1  212 1828.1  213 1828.1  214 1828.1  215 1828.1  216 1828.1
 217 1828.1  218 1828.1  219 1828.1  220 1828.1  221 1828.1  222 1828.1  223 1828.1  224 1828.1
 225 1827.8  226 1827.8  227 1827.8  228 1827.8  229 1827.8  230 1827.8  231 1827.8  232 1827.8
 233 1827.8  234 1827.8  235 1827.8  236 1827.8  237 1827.8  238 1827.8  239 1827.8  240 1827.8
 241 1829.0  242 1829.0  243 1829.0  244 1829.0  245 1829.0  246 1829.0  247 1829.0  248 1829.0
 249 1829.0  250 1829.0  251 1829.0  252 1829.0  253 1829.0  254 1829.0  255 1829.0  256 1829.0
 257 1831.0  258 1831.0  259 1831.0  260 1831.0  261 1831.0  262 1831.0  263 1831.0  264 1831.0
 265 1831.0  266 1831.0  267 1831.0  268 1831.0  269 1831.0  270 1831.0  271 1831.0  272 1831.0
 273 1829.6  274 1829.6  275 1829.6  276 1829.6  277 1829.6  278 1829.6  279 1829.6  280 1829.6
 281 1829.6  282 1829.6  283 1829.6  284 1829.6  285 1829.6  286 1829.6  287 1829.6  288 1829.6
 289 1838.1  290 1838.1  291 1838.1  292 1838.1  293 1838.1  294 1838.1  295 1838.1  296 1838.1
 297 1838.1  298 1838.1  299 1838.1  300 1838.1  301 1838.1  302 1838.1  303 1838.1  304 1838.1
 305 1838.9  306 1838.9  307 1838.9  308 1838.9  309 1838.9  310 1838.9  311 1838.9  312 1838.9
 313 1838.9  314 1838.9  315 1838.9  316 1838.9  317 1838.9  318 1838.9  319 1838.9  320 1838.9
 321 1821.0  322 1821.0  323 1821.0  324 1821.0  325 1821.0  326 1821.0  327 1821.0  328 1821.0
 329 1821.0  330 1821.0  331 1821.0  332 1821.0  333 1821.0  334 1821.0  335 1821.0  336 1821.0
 337 1821.0  338 1821.0  339 1821.0  340 1821.0  341 1821.0  342 1821.0  343 1821.0  344 1821.0
 345 1821.0  346 1821.0  347 1821.0  348 1821.0  349 1821.0  350 1821.0  351 1821.0  352 1821.0
 353 1821.0  354 1821.0  355 1821.0  356 1821.0  357 1821.0  358 1821.0  359 1821.0  360 1821.0
 361 1821.0  362 1821.0  363 1821.0  364 1821.0  365 1821.0  366 1821.0  367 1821.0  368 1821.0
TTD Lookup Table
-2.250e-08
743
 0.0053  0.0112  0.0178  0.0249  0.0331  0.0419  0.0516  0.0622  0.0729  0.0849
 0.0975  0.1103  0.1240  0.1393  0.1558  0.1741  0.1941  0.2164  0.2401  0.2667
 0.2950  0.3263  0.3589  0.3933  0.4354  0.4737  0.5131  0.5538  0.5952  0.6378
 0.6799  0.7225  0.7662  0.8097  0.8530  0.8969  0.9412  0.9849  1.0288  1.0729
 1.1171  1.1624  1.2064  1.2514  1.2958  1.3410  1.3862  1.4309  1.4762  1.5216
 1.5664  1.6105  1.6551  1.7003  1.7447  1.7898  1.8353  1.8807  1.9256  1.9700
 2.0150  2.0601  2.1035  2.1474  2.1912  2.2351  2.2780  2.3205  2.3643  2.4085
 2.4497  2.4909  2.5329  2.5750  2.6161  2.6573  2.6972  2.7370  2.7753  2.8138
 2.8517  2.8893  2.9271  2.9632  2.9993  3.0355  3.0697  3.1034  3.1367  3.1697
 3.2021  3.2338  3.2644  3.2948  3.3238  3.3529  3.3811  3.4089  3.4358  3.4629
 3.4894  3.5159  3.5421  3.5685  3.5967  3.6230  3.6503  3.6765  3.7034  3.7304
 3.7574  3.7849  3.8123  3.8401  3.8677  3.8944  3.9214  3.9483  3.9746  4.0007
 4.0272  4.0545  4.0803  4.1057  4.1318  4.1583  4.1839  4.2099  4.2357  4.2615
 4.2870  4.3121  4.3378  4.3631  4.3875  4.4122  4.4373  4.4626  4.4877  4.5126
 4.5374  4.5629  4.5876  4.6124  4.6370  4.6615  4.6861  4.7103  4.7353  4.7595
 4.7837  4.8082  4.8324  4.8566  4.8801  4.9035  4.9274  4.9514  4.9754  4.9994
 5.0234  5.0471  5.0712  5.0952  5.1189  5.1427  5.1664  5.1900  5.2134  5.2376
 5.2609  5.2845  5.3088  5.3331  5.3566  5.3806  5.4046  5.4288  5.4521  5.4750
 5.4991  5.5229  5.5462  5.5699  5.5972  5.6205  5.6436  5.6669  5.6906  5.7139
 5.7374  5.7603  5.7845  5.8077  5.8311  5.8536  5.8770  5.8992  5.9221  5.9443
 5.9676  5.9905  6.0137  6.0356  6.0587  6.0813  6.1041  6.1258  6.1481  6.1702
 6.1926  6.2147  6.2372  6.2592  6.2816  6.3039  6.3264  6.3487  6.3716  6.3931
 6.4158  6.4378  6.4607  6.4826  6.5054  6.5283  6.5514  6.5737  6.5972  6.6201
 6.6437  6.6664  6.6903  6.7134  6.7370  6.7602  6.7849  6.8080  6.8317  6.8547
 6.8788  6.9027  6.9270  6.9507  6.9744  6.9977  7.0217  7.0450  7.0689  7.0925
 7.1162  7.1390  7.1633  7.1862  7.2097  7.2331  7.2568  7.2798  7.3037  7.3274
 7.3515  7.3749  7.3988  7.4217  7.4479  7.4711  7.4943  7.5177  7.5416  7.5652
 7.5889  7.6122  7.6356  7.6586  7.6820  7.7052  7.7290  7.7519  7.7750  7.7981
 7.8213  7.8446  7.8672  7.8905  7.9140  7.9371  7.9605  7.9831  8.0065  8.0294
 8.0529  8.0760  8.1000  8.1223  8.1452  8.1681  8.1913  8.2139  8.2370  8.2607
 8.2841  8.3071  8.3298  8.3520  8.3757  8.3978  8.4209  8.4432  8.4667  8.4887
 8.5113  8.5342  8.5571  8.5804  8.6033  8.6259  8.6492  8.6720  8.6955  8.7182
 8.7411  8.7640  8.7869  8.8089  8.8320  8.8557  8.8782  8.9007  8.9237  8.9467
 8.9698  8.9918  9.0149  9.0375  9.0603  9.0826  9.1050  9.1279  9.1506  9.1724
 9.1953  9.2174  9.2403  9.2625  9.2879  9.3105  9.3335  9.3559  9.3789  9.4012
 9.4235  9.4456  9.4686  9.4906  9.5133  9.5350  9.5576  9.5801  9.6026  9.6252
 9.6475  9.6703  9.6929  9.7152  9.7380  9.7606  9.7829  9.8055  9.8287  9.8520
 9.8747  9.8970  9.9199  9.9427  9.9660  9.9881 10.0112 10.0344 10.0570 10.0793
10.1022 10.1241 10.1472 10.1691 10.1921 10.2146 10.2374 10.2605 10.2834 10.3059
10.3288 10.3511 10.3744 10.3971 10.4200 10.4425 10.4658 10.4889 10.5117 10.5340
10.5571 10.5799 10.6027 10.6252 10.6487 10.6715 10.6938 10.7164 10.7394 10.7628
10.7861 10.8081 10.8309 10.8535 10.8763 10.8986 10.9220 10.9445 10.9674 10.9899
11.0127 11.0354 11.0582 11.0803 11.1037 11.1266 11.1489 11.1711 11.1942 11.2164
11.2391 11.2614 11.2847 11.3072 11.3298 11.3520 11.3752 11.3973 11.4202 11.4425
11.4655 11.4876 11.5100 11.5318 11.5547 11.5771 11.5999 11.6218 11.6444 11.6664
11.6887 11.7104 11.7332 11.7554 11.7782 11.8002 11.8226 11.8451 11.8679 11.8896
11.9125 11.9347 11.9573 11.9794 12.0022 12.0249 12.0476 12.0696 12.0918 12.1145
12.1368 12.1584 12.1812 12.2034 12.2259 12.2477 12.2706 12.2927 12.3154 12.3375
12.3598 12.3817 12.4039 12.4264 12.4493 12.4714 12.4948 12.5165 12.5390 12.5613
12.5840 12.6057 12.6281 12.6504 12.6729 12.6950 12.7177 12.7397 12.7623 12.7843
12.8066 12.8290 12.8518 12.8739 12.8999 12.9218 12.9447 12.9668 12.9894 13.0112
13.0336 13.0556 13.0785 13.1004 13.1232 13.1450 13.1681 13.1900 13.2127 13.2343
13.2573 13.2794 13.3021 13.3242 13.3471 13.3692 13.3925 13.4148 13.4373 13.4592
13.4816 13.5037 13.5267 13.5487 13.5717 13.5938 13.6168 13.6388 13.6612 13.6832
13.7063 13.7289 13.7514 13.7736 13.7962 13.8189 13.8418 13.8635 13.8859 13.9076
13.9300 13.9517 13.9744 13.9961 14.0186 14.0405 14.0637 14.0852 14.1081 14.1302
14.1527 14.1746 14.1962 14.2177 14.2399 14.2614 14.2833 14.3047 14.3264 14.3477
14.3690 14.3897 14.4107 14.4311 14.4517 14.4716 14.4922 14.5118 14.5316 14.5508
14.5703 14.5891 14.6081 14.6261 14.6460 14.6636 14.6814 14.6985 14.7156 14.7321
14.7487 14.7644 14.7807 14.7954 14.8104 14.8246 14.8386 14.8519 14.8651 14.8777
14.8901 14.9016 14.9132 14.9239 14.9346 14.9447 14.9544 14.9635 14.9727 14.9812
14.9898 14.9978 15.0055 15.0127 15.0195 15.0261 15.0325 15.0385 15.0440 15.0493
15.0547 15.0591 15.0633 15.0674 15.0711 15.0747 15.0780 15.0813 15.0840 15.0865
15.0892 15.0915 15.0938 15.0956 15.0976 15.0994 15.1009 15.1024 15.1037 15.1049
15.1060 15.1070 15.1080 15.1088 15.1097 15.1104 15.1111 15.1115 15.1121 15.1125
15.1130 15.1134 15.1137 15.1141 15.1144 15.1146 15.1149 15.1151 15.1152 15.1155
15.1156 15.1158 15.1159 15.1160 15.1162 15.1163 15.1164 15.1165 15.1166 15.1166
15.1167 15.1168 15.1168 15.1169 15.1169 15.1170 15.1170 15.1171 15.1171 15.1172
15.1173 15.1173 15.1173 15.1174 15.1174 15.1175 15.1175 15.1175 15.1176
[ L.vdc.u2 ]
3      3       0      95                  U2: u2cr1, u2sl1, u2cf1, u2cl1
3      4       0      95                  ~~~ u2cr2, u2sl2, u2cf2, u2cl2
3      5       0      95                      u2cr3, u2sl3, u2cf3, u2cl3
3      6       0      79                      u2cr4, u2sl4, u2cf4, u2cl4
0.3348 1.02718 -.0042426 -45.0                 z, wbeg, wspac, wangle (m)
49.73e3                                        Drift velocity (m/s)
TDC Offset Values
   1 1821.0    2 1821.0    3 1821.0    4 1821.0    5 1821.0    6 1821.0    7 1821.0    8 1821.0
   9 1821.0   10 1821.0   11 1821.0   12 1821.0   13 1821.0   14 1821.0   15 1821.0   16 1821.0
  17 1798.4   18 1798.4   19 1798.4   20 1798.4   21 1798.4   22 1798.4   23 1798.4   24 1798.4
  25 1798.4   26 1798.4   27 1798.4   28 1798.4   29 1798.4   30 1798.4   31 1798.4   32 1798.4
  33 1801.1   34 1801.1   35 1801.1   36 1801.1   37 1801.1   38 1801.1   39 1801.1   40 1801.1
  41 1801.1   42 1801.1   43 1801.1   44 1801.1   45 1801.1   46 1801.1   47 1801.1   48 1801.1
  49 1803.9   50 1803.9   51 1803.9   52 1803.9   53 1803.9   54 1803.9   55 1803.9   56 1803.9
  57 1803.9   58 1803.9   59 1803.9   60 1803.9   61 1803.9   62 1803.9   63 1803.9   64 1803.9
  65 1803.5   66 1803.5   67 1803.5   68 1803.5   69 1803.5   70 1803.5   71 1803.5   72 1803.5
  73 1803.5   74 1803.5   75 1803.5   76 1803.5   77 1803.5   78 1803.5   79 1803.5   80 1803.5
  81 1829.0   82 1829.0   83 1829.0   84 1829.0   85 1829.0   86 1829.0   87 1829.0   88 1829.0
  89 1829.0   90 1829.0   91 1829.0   92 1829.0   93 1829.0   94 1829.0   95 1829.0   96 1829.0
  97 1815.0   98 1815.0   99 1815.0  100 1815.0  101 1815.0  102 1815.0  103 1815.0  104 1815.0
 105 1815.0  106 1815.0  107 1815.0  108 1815.0  109 1815.0  110 1815.0  111 1815.0  112 1815.0
 113 1809.7  114 1809.7  115 1809.7  116 1809.7  117 1809.7  118 1809.7  119 1809.7  120 1809.7
 121 1809.7  122 1809.7  123 1809.7  124 1809.7  125 1809.7  126 1809.7  127 1809.7  128 1809.7
 129 1811.8  130 1811.8  131 1811.8  132 1811.8  133 1811.8  134 1811.8  135 1811.8  136 1811.8
 137 1811.8  138 1811.8  139 1811.8  140 1811.8  141 1811.8  142 1811.8  143 1811.8  144 1811.8
 145 1807.0  146 1807.0  147 1807.0  148 1807.0  149 1807.0  150 1807.0  151 1807.0  152 1807.0
 153 1807.0  154 1807.0  155 1807.0  156 1807.0  157 1807.0  158 1807.0  159 1807.0  160 1807.0
 161 1812.5  162 1812.5  163 1812.5  164 1812.5  165 1812.5  166 1812.5  167 1812.5  168 1812.5
 169 1812.5  170 1812.5  171 1812.5  172 1812.5  173 1812.5  174 1812.5  175 1812.5  176 1812.5
 177 1808.3  178 1808.3  179 1808.3  180 1808.3  181 1808.3  182 1808.3  183 1808.3  184 1808.3
 185 1808.3  186 1808.3  187 1808.3  188 1808.3  189 1808.3  190 1808.3  191 1808.3  192 1808.3
 193 1815.6  194 1815.6  195 1815.6  196 1815.6  197 1815.6  198 1815.6  199 1815.6  200 1815.6
 201 1815.6  202 1815.6  203 1815.6  204 1815.6  205 1815.6  206 1815.6  207 1815.6  208 1815.6
 209 1813.0  210 1813.0  211 1813.0  212 1813.0  213 1813.0  214 1813.0  215 1813.0  216 1813.0
 217 1813.0  218 1813.0  219 1813.0  220 1813.0  221 1813.0  222 1813.0  223 1813.0  224 1813.0
 225 1816.9  226 1816.9  227 1816.9  228 1816.9  229 1816.9  230 1816.9  231 1816.9  232 1816.9
 233 1816.9  234 1816.9  235 1816.9  236 1816.9  237 1816.9  238 1816.9  239 1816.9  240 1816.9
 241 1814.8  242 1814.8  243 1814.8  244 1814.8  245 1814.8  246 1814.8  247 1814.8  248 1814.8
 249 1814.8  250 1814.8  251 1814.8  252 1814.8  253 1814.8  254 1814.8  255 1814.8  256 1814.8
 257 1814.8  258 1814.8  259 1814.8  260 1814.8  261 1814.8  262 1814.8  263 1814.8  264 1814.8
 265 1814.8  266 1814.8  267 1814.8  268 1814.8  269 1814.8  270 1814.8  271 1814.8  272 1814.8
 273 1813.5  274 1813.5  275 1813.5  276 1813.5  277 1813.5  278 1813.5  279 1813.5  280 1813.5
 281 1813.5  282 1813.5  283 1813.5  284 1813.5  285 1813.5  286 1813.5  287 1813.5  288 1813.5
 289 1825.2  290 1825.2  291 1825.2  292 1825.2  293 1825.2  294 1825.2  295 1825.2  296 1825.2
 297 1825.2  298 1825.2  299 1825.2  300 1825.2  301 1825.2  302 1825.2  303 1825.2  304 1825.2
 305 1820.8  306 1820.8  307 1820.8  308 1820.8  309 1820.8  310 1820.8  311 1820.8  312 1820.8
 313 1820.8  314 1820.8  315 1820.8  316 1820.8  317 1820.8  318 1820.8  319 1820.8  320 1820.8
 321 1820.5  322 1820.5  323 1820.5  324 1820.5  325 1820.5  326 1820.5  327 1820.5  328 1820.5
 329 1820.5  330 1820.5  331 1820.5  332 1820.5  333 1820.5  334 1820.5  335 1820.5  336 1820.5
 337 1799.8  338 1799.8  339 1799.8  340 1799.8  341 1799.8  342 1799.8  343 1799.8  344 1799.8
 345 1799.8  346 1799.8  347 1799.8  348 1799.8  349 1799.8  350 1799.8  351 1799.8  352 1799.8
 353 1799.8  354 1799.8  355 1799.8  356 1799.8  357 1799.8  358 1799.8  359 1799.8  360 1799.8
 361 1799.8  362 1799.8  363 1799.8  364 1799.8  365 1799.8  366 1799.8  367 1799.8  368 1799.8
TTD Lookup Table
-2.300e-08
744
 0.0048  0.0107  0.0175  0.0248  0.0332  0.0427  0.0526  0.0634  0.0747  0.0868
 0.1004  0.1144  0.1301  0.1474  0.1666  0.1887  0.2123  0.2389  0.2677  0.2997
 0.3329  0.3689  0.4063  0.4458  0.4865  0.5311  0.5735  0.6174  0.6610  0.7053
 0.7500  0.7948  0.8393  0.8844  0.9294  0.9738  1.0184  1.0627  1.1075  1.1515
 1.1969  1.2417  1.2856  1.3311  1.3757  1.4208  1.4655  1.5104  1.5548  1.5998
 1.6448  1.6897  1.7343  1.7794  1.8237  1.8675  1.9111  1.9556  1.9992  2.0429
 2.0861  2.1305  2.1734  2.2175  2.2604  2.3044  2.3475  2.3907  2.4336  2.4768
 2.5191  2.5617  2.6031  2.6447  2.6847  2.7253  2.7644  2.8045  2.8434  2.8823
 2.9201  2.9576  2.9949  3.0316  3.0666  3.1020  3.1367  3.1709  3.2039  3.2365
 3.2680  3.2992  3.3300  3.3600  3.3890  3.4178  3.4459  3.4731  3.4999  3.5271
 3.5530  3.5784  3.6049  3.6311  3.6572  3.6874  3.7143  3.7419  3.7689  3.7962
 3.8234  3.8508  3.8785  3.9059  3.9334  3.9599  3.9869  4.0138  4.0410  4.0678
 4.0945  4.1217  4.1483  4.1749  4.2012  4.2270  4.2533  4.2792  4.3051  4.3309
 4.3563  4.3818  4.4070  4.4323  4.4577  4.4831  4.5078  4.5334  4.5582  4.5831
 4.6077  4.6325  4.6574  4.6820  4.7065  4.7309  4.7554  4.7800  4.8043  4.8288
 4.8540  4.8782  4.9028  4.9269  4.9511  4.9751  4.9993  5.0234  5.0478  5.0716
 5.0949  5.1188  5.1426  5.1662  5.1899  5.2137  5.2376  5.2619  5.2856  5.3093
 5.3332  5.3568  5.3801  5.4037  5.4272  5.4507  5.4745  5.4979  5.5217  5.5449
 5.5685  5.5927  5.6164  5.6395  5.6626  5.6886  5.7126  5.7360  5.7594  5.7822
 5.8055  5.8284  5.8511  5.8745  5.8981  5.9214  5.9440  5.9676  5.9910  6.0148
 6.0374  6.0602  6.0833  6.1067  6.1292  6.1523  6.1752  6.1975  6.2199  6.2430
 6.2658  6.2873  6.3090  6.3311  6.3539  6.3754  6.3976  6.4189  6.4412  6.4631
 6.4847  6.5067  6.5289  6.5513  6.5733  6.5955  6.6183  6.6408  6.6633  6.6857
 6.7084  6.7317  6.7547  6.7785  6.8020  6.8256  6.8488  6.8723  6.8964  6.9197
 6.9437  6.9678  6.9917  7.0149  7.0386  7.0625  7.0869  7.1107  7.1344  7.1585
 7.1827  7.2059  7.2293  7.2534  7.2773  7.3009  7.3241  7.3477  7.3711  7.3951
 7.4187  7.4423  7.4658  7.4894  7.5120  7.5365  7.5596  7.5825  7.6063  7.6297
 7.6528  7.6759  7.6983  7.7212  7.7439  7.7675  7.7905  7.8137  7.8368  7.8598
 7.8829  7.9057  7.9290  7.9526  7.9751  7.9981  8.0214  8.0442  8.0668  8.0900
 8.1133  8.1353  8.1585  8.1815  8.2044  8.2270  8.2498  8.2730  8.2957  8.3188
 8.3416  8.3648  8.3876  8.4106  8.4337  8.4565  8.4790  8.5022  8.5245  8.5470
 8.5701  8.5925  8.6147  8.6372  8.6603  8.6828  8.7059  8.7289  8.7519  8.7743
 8.7972  8.8203  8.8433  8.8661  8.8890  8.9121  8.9343  8.9568  8.9799  9.0026
 9.0255  9.0482  9.0704  9.0930  9.1155  9.1386  9.1608  9.1830  9.2055  9.2285
 9.2513  9.2734  9.2961  9.3185  9.3403  9.3632  9.3857  9.4081  9.4307  9.4530
 9.4755  9.4980  9.5205  9.5426  9.5654  9.5881  9.6103  9.6326  9.6550  9.6774
 9.7001  9.7221  9.7443  9.7671  9.7898  9.8125  9.8349  9.8572  9.8794  9.9018
 9.9251  9.9473  9.9701  9.9935 10.0170 10.0396 10.0618 10.0845 10.1073 10.1301
10.1522 10.1753 10.1975 10.2202 10.2427 10.2653 10.2881 10.3105 10.3333 10.3552
10.3778 10.4009 10.4238 10.4464 10.4696 10.4924 10.5154 10.5383 10.5611 10.5837
10.6064 10.6288 10.6514 10.6739 10.6964 10.7192 10.7416 10.7644 10.7873 10.8100
10.8328 10.8552 10.8775 10.9003 10.9229 10.9458 10.9684 10.9907 11.0134 11.0358
11.0590 11.0817 11.1046 11.1271 11.1497 11.1747 11.1968 11.2189 11.2413 11.2640
11.2871 11.3094 11.3317 11.3546 11.3773 11.3998 11.4221 11.4450 11.4680 11.4902
11.5126 11.5349 11.5577 11.5801 11.6022 11.6246 11.6468 11.6688 11.6913 11.7139
11.7368 11.7589 11.7811 11.8035 11.8259 11.8483 11.8706 11.8929 11.9157 11.9385
11.9610 11.9836 12.0059 12.0281 12.0502 12.0726 12.0954 12.1174 12.1400 12.1624
12.1846 12.2068 12.2289 12.2513 12.2732 12.2958 12.3176 12.3398 12.3619 12.3839
12.4053 12.4278 12.4503 12.4727 12.4945 12.5164 12.5385 12.5610 12.5826 12.6045
12.6264 12.6487 12.6712 12.6932 12.7148 12.7365 12.7585 12.7803 12.8026 12.8241
12.8472 12.8698 12.8921 12.9143 12.9365 12.9604 12.9833 13.0058 13.0283 13.0508
13.0729 13.0950 13.1175 13.1395 13.1620 13.1845 13.2070 13.2293 13.2515 13.2741
13.2962 13.3186 13.3406 13.3631 13.3856 13.4082 13.4306 13.4534 13.4750 13.4978
13.5199 13.5419 13.5642 13.5861 13.6084 13.6310 13.6536 13.6758 13.6978 13.7204
13.7426 13.7651 13.7877 13.8101 13.8317 13.8539 13.8763 13.8987 13.9209 13.9432
13.9652 13.9865 14.0085 14.0306 14.0523 14.0748 14.0969 14.1192 14.1410 14.1626
14.1844 14.2060 14.2277 14.2496 14.2708 14.2925 14.3139 14.3353 14.3567 14.3776
14.3981 14.4187 14.4397 14.4606 14.4807 14.5005 14.5213 14.5410 14.5605 14.5801
14.5991 14.6178 14.6366 14.6547 14.6725 14.6915 14.7081 14.7249 14.7411 14.7569
14.7723 14.7876 14.8022 14.8165 14.8305 14.8446 14.8579 14.8709 14.8833 14.8951
14.9069 14.9183 14.9288 14.9391 14.9490 14.9588 14.9678 14.9763 14.9850 14.9931
15.0009 15.0084 15.0152 15.0217 15.0281 15.0342 15.0400 15.0454 15.0503 15.0550
15.0595 15.0638 15.0680 15.0714 15.0748 15.0781 15.0812 15.0839 15.0866 15.0890
15.0915 15.0937 15.0956 15.0975 15.0993 15.1008 15.1024 15.1038 15.1049 15.1060
15.1070 15.1079 15.1087 15.1094 15.1101 15.1108 15.1114 15.1118 15.1124 15.1128
15.1132 15.1136 15.1138 15.1141 15.1144 15.1147 15.1149 15.1151 15.1153 15.1155
15.1156 15.1157 15.1159 15.1160 15.1161 15.1162 15.1163 15.1164 15.1165 15.1166
15.1167 15.1167 15.1168 15.1169 15.1170 15.1171 15.1171 15.1172 15.1172 15.1173
15.1174 15.1174 15.1175 15.1175 15.1176 15.1176 15.1177 15.1177 15.1178 15.1178
15.1178 
[ L.vdc.v2 ]
3      11       0      95                  V2: v2cr1, v2sl1, v2cf1, v2cl1
3      16       0      95                  ~~~ v2cr2, v2sl2, v2cf2, v2cl
3      17       0      95                      v2cr3, v2sl3, v2cf3, v2cl3
3      18       0      79                      v2cr4, v2sl4, v2cf4, v2cl4
0.3609 1.02718 -.0042426 45.0                  z, wbeg, wspac, wangle       
49.19e3                                        Drift velocity (m/s)
TDC Offset Values   
   1 1799.8    2 1799.8    3 1799.8    4 1799.8    5 1799.8    6 1799.8    7 1799.8    8 1799.8
   9 1799.8   10 1799.8   11 1799.8   12 1799.8   13 1799.8   14 1799.8   15 1799.8   16 1799.8
  17 1781.6   18 1781.6   19 1781.6   20 1781.6   21 1781.6   22 1781.6   23 1781.6   24 1781.6
  25 1781.6   26 1781.6   27 1781.6   28 1781.6   29 1781.6   30 1781.6   31 1781.6   32 1781.6
  33 1814.1   34 1814.1   35 1814.1   36 1814.1   37 1814.1   38 1814.1   39 1814.1   40 1814.1
  41 1814.1   42 1814.1   43 1814.1   44 1814.1   45 1814.1   46 1814.1   47 1814.1   48 1814.1
  49 1801.1   50 1801.1   51 1801.1   52 1801.1   53 1801.1   54 1801.1   55 1801.1   56 1801.1
  57 1801.1   58 1801.1   59 1801.1   60 1801.1   61 1801.1   62 1801.1   63 1801.1   64 1801.1
  65 1812.7   66 1812.7   67 1812.7   68 1812.7   69 1812.7   70 1812.7   71 1812.7   72 1812.7
  73 1812.7   74 1812.7   75 1812.7   76 1812.7   77 1812.7   78 1812.7   79 1812.7   80 1812.7
  81 1809.8   82 1809.8   83 1809.8   84 1809.8   85 1809.8   86 1809.8   87 1809.8   88 1809.8
  89 1809.8   90 1809.8   91 1809.8   92 1809.8   93 1809.8   94 1809.8   95 1809.8   96 1809.8
  97 1822.1   98 1822.1   99 1822.1  100 1822.1  101 1822.1  102 1822.1  103 1822.1  104 1822.1
 105 1822.1  106 1822.1  107 1822.1  108 1822.1  109 1822.1  110 1822.1  111 1822.1  112 1822.1
 113 1819.5  114 1819.5  115 1819.5  116 1819.5  117 1819.5  118 1819.5  119 1819.5  120 1819.5
 121 1819.5  122 1819.5  123 1819.5  124 1819.5  125 1819.5  126 1819.5  127 1819.5  128 1819.5
 129 1820.2  130 1820.2  131 1820.2  132 1820.2  133 1820.2  134 1820.2  135 1820.2  136 1820.2
 137 1820.2  138 1820.2  139 1820.2  140 1820.2  141 1820.2  142 1820.2  143 1820.2  144 1820.2
 145 1814.6  146 1814.6  147 1814.6  148 1814.6  149 1814.6  150 1814.6  151 1814.6  152 1814.6
 153 1814.6  154 1814.6  155 1814.6  156 1814.6  157 1814.6  158 1814.6  159 1814.6  160 1814.6
 161 1817.4  162 1817.4  163 1817.4  164 1817.4  165 1817.4  166 1817.4  167 1817.4  168 1817.4
 169 1817.4  170 1817.4  171 1817.4  172 1817.4  173 1817.4  174 1817.4  175 1817.4  176 1817.4
 177 1814.3  178 1814.3  179 1814.3  180 1814.3  181 1814.3  182 1814.3  183 1814.3  184 1814.3
 185 1814.3  186 1814.3  187 1814.3  188 1814.3  189 1814.3  190 1814.3  191 1814.3  192 1814.3
 193 1823.8  194 1823.8  195 1823.8  196 1823.8  197 1823.8  198 1823.8  199 1823.8  200 1823.8
 201 1823.8  202 1823.8  203 1823.8  204 1823.8  205 1823.8  206 1823.8  207 1823.8  208 1823.8
 209 1820.5  210 1820.5  211 1820.5  212 1820.5  213 1820.5  214 1820.5  215 1820.5  216 1820.5
 217 1820.5  218 1820.5  219 1820.5  220 1820.5  221 1820.5  222 1820.5  223 1820.5  224 1820.5
 225 1823.0  226 1823.0  227 1823.0  228 1823.0  229 1823.0  230 1823.0  231 1823.0  232 1823.0
 233 1823.0  234 1823.0  235 1823.0  236 1823.0  237 1823.0  238 1823.0  239 1823.0  240 1823.0
 241 1822.6  242 1822.6  243 1822.6  244 1822.6  245 1822.6  246 1822.6  247 1822.6  248 1822.6
 249 1822.6  250 1822.6  251 1822.6  252 1822.6  253 1822.6  254 1822.6  255 1822.6  256 1822.6
 257 1820.7  258 1820.7  259 1820.7  260 1820.7  261 1820.7  262 1820.7  263 1820.7  264 1820.7
 265 1820.7  266 1820.7  267 1820.7  268 1820.7  269 1820.7  270 1820.7  271 1820.7  272 1820.7
 273 1821.2  274 1821.2  275 1821.2  276 1821.2  277 1821.2  278 1821.2  279 1821.2  280 1821.2
 281 1821.2  282 1821.2  283 1821.2  284 1821.2  285 1821.2  286 1821.2  287 1821.2  288 1821.2
 289 1826.8  290 1826.8  291 1826.8  292 1826.8  293 1826.8  294 1826.8  295 1826.8  296 1826.8
 297 1826.8  298 1826.8  299 1826.8  300 1826.8  301 1826.8  302 1826.8  303 1826.8  304 1826.8
 305 1828.0  306 1828.0  307 1828.0  308 1828.0  309 1828.0  310 1828.0  311 1828.0  312 1828.0
 313 1828.0  314 1828.0  315 1828.0  316 1828.0  317 1828.0  318 1828.0  319 1828.0  320 1828.0
 321 1826.2  322 1826.2  323 1826.2  324 1826.2  325 1826.2  326 1826.2  327 1826.2  328 1826.2
 329 1826.2  330 1826.2  331 1826.2  332 1826.2  333 1826.2  334 1826.2  335 1826.2  336 1826.2
 337 1826.2  338 1826.2  339 1826.2  340 1826.2  341 1826.2  342 1826.2  343 1826.2  344 1826.2
 345 1826.2  346 1826.2  347 1826.2  348 1826.2  349 1826.2  350 1826.2  351 1826.2  352 1826.2
 353 1826.2  354 1826.2  355 1826.2  356 1826.2  357 1826.2  358 1826.2  359 1826.2  360 1826.2
 361 1826.2  362 1826.2  363 1826.2  364 1826.2  365 1826.2  366 1826.2  367 1826.2  368 1826.2
TTD Lookup Table
-2.250e-08
743
 0.0051  0.0111  0.0178  0.0253  0.0331  0.0421  0.0520  0.0623  0.0735  0.0859
 0.0989  0.1130  0.1283  0.1451  0.1639  0.1840  0.2071  0.2312  0.2574  0.2857
 0.3167  0.3500  0.3848  0.4208  0.4649  0.5041  0.5445  0.5852  0.6271  0.6688
 0.7114  0.7547  0.7976  0.8412  0.8844  0.9288  0.9729  1.0168  1.0610  1.1067
 1.1514  1.1955  1.2400  1.2844  1.3290  1.3733  1.4181  1.4630  1.5076  1.5526
 1.5970  1.6413  1.6854  1.7296  1.7746  1.8192  1.8642  1.9084  1.9526  1.9969
 2.0409  2.0850  2.1294  2.1732  2.2168  2.2604  2.3039  2.3471  2.3903  2.4327
 2.4748  2.5165  2.5576  2.5992  2.6402  2.6799  2.7196  2.7583  2.7965  2.8361
 2.8744  2.9117  2.9488  2.9847  3.0198  3.0549  3.0890  3.1226  3.1559  3.1879
 3.2197  3.2505  3.2802  3.3096  3.3392  3.3671  3.3954  3.4229  3.4495  3.4759
 3.5022  3.5281  3.5542  3.5807  3.6091  3.6354  3.6623  3.6895  3.7166  3.7434
 3.7699  3.7971  3.8236  3.8507  3.8778  3.9049  3.9315  3.9580  3.9847  4.0122
 4.0388  4.0648  4.0907  4.1169  4.1426  4.1687  4.1950  4.2210  4.2468  4.2721
 4.2974  4.3222  4.3474  4.3726  4.3975  4.4230  4.4486  4.4736  4.4987  4.5238
 4.5490  4.5736  4.5982  4.6230  4.6478  4.6719  4.6965  4.7214  4.7459  4.7704
 4.7947  4.8189  4.8429  4.8672  4.8913  4.9152  4.9394  4.9635  4.9873  5.0120
 5.0356  5.0595  5.0833  5.1069  5.1307  5.1537  5.1774  5.2010  5.2248  5.2483
 5.2718  5.2954  5.3192  5.3427  5.3662  5.3899  5.4133  5.4369  5.4602  5.4832
 5.5068  5.5302  5.5533  5.5770  5.6014  5.6252  5.6482  5.6722  5.6958  5.7189
 5.7425  5.7655  5.7892  5.8131  5.8366  5.8601  5.8835  5.9065  5.9290  5.9516
 5.9748  5.9971  6.0196  6.0422  6.0648  6.0873  6.1091  6.1312  6.1533  6.1751
 6.1978  6.2201  6.2432  6.2658  6.2878  6.3096  6.3320  6.3543  6.3765  6.3983
 6.4213  6.4435  6.4664  6.4893  6.5128  6.5360  6.5591  6.5823  6.6055  6.6292
 6.6518  6.6752  6.6987  6.7215  6.7449  6.7683  6.7919  6.8153  6.8388  6.8625
 6.8861  6.9104  6.9343  6.9580  6.9821  7.0055  7.0291  7.0532  7.0770  7.1006
 7.1243  7.1478  7.1715  7.1946  7.2179  7.2412  7.2648  7.2879  7.3116  7.3351
 7.3589  7.3823  7.4057  7.4287  7.4554  7.4785  7.5018  7.5251  7.5482  7.5719
 7.5953  7.6181  7.6419  7.6649  7.6885  7.7117  7.7354  7.7581  7.7818  7.8051
 7.8286  7.8518  7.8750  7.8976  7.9208  7.9435  7.9666  7.9894  8.0123  8.0352
 8.0586  8.0808  8.1045  8.1279  8.1507  8.1736  8.1968  8.2194  8.2423  8.2657
 8.2889  8.3116  8.3342  8.3577  8.3805  8.4033  8.4265  8.4489  8.4718  8.4948
 8.5172  8.5404  8.5633  8.5861  8.6093  8.6317  8.6549  8.6775  8.7015  8.7241
 8.7472  8.7698  8.7923  8.8150  8.8379  8.8608  8.8838  8.9059  8.9285  8.9509
 8.9736  8.9968  9.0199  9.0421  9.0651  9.0875  9.1099  9.1317  9.1545  9.1770
 9.1999  9.2219  9.2445  9.2669  9.2927  9.3146  9.3373  9.3600  9.3819  9.4047
 9.4271  9.4494  9.4725  9.4955  9.5180  9.5404  9.5633  9.5858  9.6083  9.6306
 9.6532  9.6760  9.6992  9.7217  9.7443  9.7671  9.7907  9.8132  9.8364  9.8593
 9.8822  9.9048  9.9274  9.9499  9.9732  9.9961 10.0194 10.0421 10.0651 10.0879
10.1107 10.1336 10.1565 10.1789 10.2024 10.2246 10.2475 10.2697 10.2929 10.3155
10.3383 10.3609 10.3836 10.4056 10.4285 10.4510 10.4743 10.4973 10.5209 10.5433
10.5662 10.5889 10.6114 10.6339 10.6563 10.6784 10.7021 10.7250 10.7479 10.7706
10.7936 10.8164 10.8392 10.8615 10.8842 10.9064 10.9295 10.9521 10.9745 10.9971
11.0198 11.0420 11.0650 11.0872 11.1115 11.1336 11.1557 11.1784 11.2011 11.2233
11.2457 11.2680 11.2907 11.3129 11.3358 11.3583 11.3821 11.4044 11.4266 11.4491
11.4715 11.4937 11.5164 11.5390 11.5617 11.5843 11.6064 11.6286 11.6516 11.6740
11.6969 11.7198 11.7416 11.7635 11.7865 11.8089 11.8313 11.8539 11.8769 11.8995
11.9215 11.9435 11.9663 11.9887 12.0117 12.0340 12.0567 12.0790 12.1018 12.1241
12.1461 12.1679 12.1903 12.2126 12.2351 12.2574 12.2802 12.3028 12.3254 12.3473
12.3696 12.3917 12.4144 12.4365 12.4594 12.4816 12.5034 12.5253 12.5477 12.5697
12.5926 12.6153 12.6377 12.6598 12.6824 12.7046 12.7273 12.7493 12.7715 12.7934
12.8159 12.8385 12.8611 12.8834 12.9074 12.9291 12.9517 12.9740 12.9964 13.0181
13.0404 13.0630 13.0856 13.1082 13.1306 13.1528 13.1751 13.1978 13.2205 13.2428
13.2656 13.2878 13.3103 13.3328 13.3549 13.3772 13.3996 13.4222 13.4447 13.4675
13.4897 13.5123 13.5345 13.5568 13.5792 13.6015 13.6234 13.6457 13.6685 13.6912
13.7132 13.7357 13.7584 13.7803 13.8024 13.8248 13.8465 13.8691 13.8916 13.9139
13.9366 13.9587 13.9813 14.0037 14.0261 14.0482 14.0705 14.0920 14.1148 14.1364
14.1582 14.1801 14.2022 14.2235 14.2454 14.2670 14.2886 14.3100 14.3317 14.3527
14.3732 14.3945 14.4158 14.4360 14.4564 14.4769 14.4972 14.5171 14.5371 14.5566
14.5760 14.5951 14.6135 14.6318 14.6524 14.6700 14.6877 14.7047 14.7213 14.7377
14.7535 14.7688 14.7842 14.7990 14.8141 14.8279 14.8420 14.8552 14.8681 14.8805
14.8929 14.9046 14.9164 14.9275 14.9379 14.9478 14.9576 14.9666 14.9753 14.9838
14.9918 14.9996 15.0070 15.0142 15.0211 15.0277 15.0337 15.0392 15.0446 15.0498
15.0546 15.0592 15.0635 15.0676 15.0716 15.0750 15.0783 15.0816 15.0845 15.0873
15.0899 15.0921 15.0942 15.0960 15.0979 15.0995 15.1010 15.1026 15.1039 15.1051
15.1063 15.1073 15.1081 15.1091 15.1100 15.1108 15.1113 15.1119 15.1124 15.1129
15.1133 15.1137 15.1140 15.1142 15.1145 15.1148 15.1149 15.1152 15.1153 15.1155
15.1157 15.1159 15.1160 15.1162 15.1163 15.1164 15.1165 15.1166 15.1167 15.1168
15.1169 15.1169 15.1170 15.1170 15.1171 15.1171 15.1172 15.1172 15.1173 15.1173
15.1174 15.1174 15.1174 15.1175 15.1176 15.1176 15.1177 15.1177 15.1177 
[ L.global ]
0.3327 1 0.0 270.2 0.0 -1.6e-03        VDC Angle, Plane Spacing, Gamma Coefficents
matrix elements
t 0 0 0  -1.001135e+00 -3.313373e-01 -4.290819e-02  4.470852e-03  0.000000e+00  0.000000e+00  0.000000e+00  0
y 0 0 0  -8.060915e-03  1.071977e-03  9.019102e-04 -3.239615e-04  0.000000e+00  0.000000e+00  0.000000e+00  0
p 0 0 0  -2.861912e-03 -2.469069e-03  8.427172e-03  2.274635e-03  0.000000e+00  0.000000e+00  0.000000e+00  0
D 0 0 0  -1.866766e-04  8.370563e-02  9.829436e-03 -6.282155e-04  4.291190e-03  0.000000e+00  0.000000e+00  5
D 1 0 0  -2.120308e-02  2.391071e-01  3.414764e-02 -9.845306e-03  0.000000e+00  0.000000e+00  0.000000e+00  4
D 2 0 0  -7.721246e-01  1.386962e+00  2.141296e+00  0.000000e+00  0.000000e+00  0.000000e+00  0.000000e+00  3
D 0 0 2  -4.330635e-02  4.945579e-01 -2.784833e-01  0.000000e+00  0.000000e+00  0.000000e+00  0.000000e+00  3
D 0 2 0   2.358455e-01  6.669406e-01  1.602542e+00  0.000000e+00  0.000000e+00  0.000000e+00  0.000000e+00  3
D 0 1 1   5.458835e-01  7.157317e-01  0.000000e+00  0.000000e+00  0.000000e+00  0.000000e+00  0.000000e+00  2
D 1 0 2  -2.290800e+01  0.000000e+00  0.000000e+00  0.000000e+00  0.000000e+00  0.000000e+00  0.000000e+00  1
D 1 1 1  -4.928988e+01  2.216568e+01  0.000000e+00  0.000000e+00  0.000000e+00  0.000000e+00  0.000000e+00  2
D 2 0 2  -9.747716e+02  0.000000e+00  0.000000e+00  0.000000e+00  0.000000e+00  0.000000e+00  0.000000e+00  1
D 2 1 1  -1.447878e+03  0.000000e+00  0.000000e+00  0.000000e+00  0.000000e+00  0.000000e+00  0.000000e+00  1
D 3 0 0   3.120222e+01  0.000000e+00  0.000000e+00  0.000000e+00  0.000000e+00  0.000000e+00  0.000000e+00  1
D 1 2 0   2.581996e+01  4.842194e+01  0.000000e+00  0.000000e+00  0.000000e+00  0.000000e+00  0.000000e+00  2
D 4 0 0  -6.888878e+02  0.000000e+00  0.000000e+00  0.000000e+00  0.000000e+00  0.000000e+00  0.000000e+00  1
D 2 2 0   1.223550e+03  0.000000e+00  0.000000e+00  0.000000e+00  0.000000e+00  0.000000e+00  0.000000e+00  1
D 0 1 3   3.183811e+01  0.000000e+00  0.000000e+00  0.000000e+00  0.000000e+00  0.000000e+00  0.000000e+00  1
D 0 0 1   3.501679e-03  0.000000e+00  0.000000e+00  0.000000e+00  0.000000e+00  0.000000e+00  0.000000e+00  1
D 0 1 0  -4.367642e-03  0.000000e+00  0.000000e+00  0.000000e+00  0.000000e+00  0.000000e+00  0.000000e+00  1
T 1 0 0  -2.314350e+00  4.214037e-01 -1.764782e-01 -2.663377e-01  0.000000e+00  0.000000e+00  0.000000e+00  0
T 2 0 0   2.277637e-01  1.134705e+01 -8.932341e+00  0.000000e+00  0.000000e+00  0.000000e+00  0.000000e+00  0
T 1 0 2  -1.043193e+00  9.476089e+01  0.000000e+00  0.000000e+00  0.000000e+00  0.000000e+00  0.000000e+00  0
T 3 0 0   1.105213e+02  1.520826e+02  0.000000e+00  0.000000e+00  0.000000e+00  0.000000e+00  0.000000e+00  0
T 0 0 2   6.710510e-01  2.913183e+00 -4.525830e+00  0.000000e+00  0.000000e+00  0.000000e+00  0.000000e+00  0
T 0 1 1  -5.782061e-01 -1.751089e+00  2.233788e+00  0.000000e+00  0.000000e+00  0.000000e+00  0.000000e+00  0
T 0 2 0  -8.924529e-01  2.722308e+00  0.000000e+00  0.000000e+00  0.000000e+00  0.000000e+00  0.000000e+00  0
T 1 2 0   6.095838e+01  0.000000e+00  0.000000e+00  0.000000e+00  0.000000e+00  0.000000e+00  0.000000e+00  0
T 0 4 0   9.715979e+02  0.000000e+00  0.000000e+00  0.000000e+00  0.000000e+00  0.000000e+00  0.000000e+00  0
T 0 2 2  -8.659010e+02  0.000000e+00  0.000000e+00  0.000000e+00  0.000000e+00  0.000000e+00  0.000000e+00  0
T 1 1 1  -5.452709e+01  0.000000e+00  0.000000e+00  0.000000e+00  0.000000e+00  0.000000e+00  0.000000e+00  0
T 2 0 2  -1.966962e+03  0.000000e+00  0.000000e+00  0.000000e+00  0.000000e+00  0.000000e+00  0.000000e+00  0
T 0 1 3   7.773828e+02  0.000000e+00  0.000000e+00  0.000000e+00  0.000000e+00  0.000000e+00  0.000000e+00  0
T 0 3 1   1.621558e+01  0.000000e+00  0.000000e+00  0.000000e+00  0.000000e+00  0.000000e+00  0.000000e+00  0
T 4 0 0  -1.419643e+04  0.000000e+00  0.000000e+00  0.000000e+00  0.000000e+00  0.000000e+00  0.000000e+00  0
P 0 0 1  -6.236858e-01 -6.466346e-02  2.952651e-01 -5.747772e-01  0.000000e+00  0.000000e+00  0.000000e+00  0
P 0 0 3   9.560933e+00 -1.708867e+01  0.000000e+00  0.000000e+00  0.000000e+00  0.000000e+00  0.000000e+00  0
P 0 1 0  -3.215786e-01  3.082068e-01 -8.039546e-02  2.602149e-01  0.000000e+00  0.000000e+00  0.000000e+00  0
P 0 1 2  -1.665448e+01 -1.545366e+00  0.000000e+00  0.000000e+00  0.000000e+00  0.000000e+00  0.000000e+00  0
P 0 2 1  -4.018884e+00  2.622520e+01  0.000000e+00  0.000000e+00  0.000000e+00  0.000000e+00  0.000000e+00  0
P 0 3 0  -1.806501e+01  8.628014e+00  0.000000e+00  0.000000e+00  0.000000e+00  0.000000e+00  0.000000e+00  0
P 1 0 1   5.588571e+00 -4.118518e-01  7.907703e+00  0.000000e+00  0.000000e+00  0.000000e+00  0.000000e+00  0
P 1 0 3  -4.099923e+02 -2.146256e+03  0.000000e+00  0.000000e+00  0.000000e+00  0.000000e+00  0.000000e+00  0
P 1 1 0   3.131723e+00  1.310948e+00  2.102952e-02  0.000000e+00  0.000000e+00  0.000000e+00  0.000000e+00  0
P 1 1 2  -4.661088e+02  0.000000e+00  0.000000e+00  0.000000e+00  0.000000e+00  0.000000e+00  0.000000e+00  0
P 1 2 1  -5.065149e+02  0.000000e+00  0.000000e+00  0.000000e+00  0.000000e+00  0.000000e+00  0.000000e+00  0
P 1 3 0   3.376229e+01  0.000000e+00  0.000000e+00  0.000000e+00  0.000000e+00  0.000000e+00  0.000000e+00  0
P 2 0 1  -2.897998e+01 -1.437159e+02  0.000000e+00  0.000000e+00  0.000000e+00  0.000000e+00  0.000000e+00  0
P 2 1 0  -1.108533e+02  4.298786e+01  0.000000e+00  0.000000e+00  0.000000e+00  0.000000e+00  0.000000e+00  0
P 3 0 1  -7.201831e+02  0.000000e+00  0.000000e+00  0.000000e+00  0.000000e+00  0.000000e+00  0.000000e+00  0
P 3 1 0  -1.785346e+03  0.000000e+00  0.000000e+00  0.000000e+00  0.000000e+00  0.000000e+00  0.000000e+00  0
P 0 0 0   1.406722e-04  1.409960e-04 -3.132036e-03 -1.094759e-03  0.000000e+00  0.000000e+00  0.000000e+00  0
P 1 0 0  -1.088043e-02  0.000000e+00  0.000000e+00  0.000000e+00  0.000000e+00  0.000000e+00  0.000000e+00  0
P 2 0 0  -2.109502e-02  0.000000e+00  0.000000e+00  0.000000e+00  0.000000e+00  0.000000e+00  0.000000e+00  0
Y 0 0 1   7.697399e-01 -1.237742e+00 -6.363828e-01  2.915294e-01  0.000000e+00  0.000000e+00  0.000000e+00  0
Y 0 0 3   6.579089e+00  5.036337e+01  0.000000e+00  0.000000e+00  0.000000e+00  0.000000e+00  0.000000e+00  0
Y 0 1 0  -1.212283e+00 -7.665945e-01  1.468243e-01 -7.387958e-02  0.000000e+00  0.000000e+00  0.000000e+00  0
Y 0 1 2   3.690691e+01 -5.670801e+01  0.000000e+00  0.000000e+00  0.000000e+00  0.000000e+00  0.000000e+00  0
Y 0 2 1  -6.435145e+00  6.523826e+01  0.000000e+00  0.000000e+00  0.000000e+00  0.000000e+00  0.000000e+00  0
Y 0 3 0   6.610325e+01  2.316494e+01  0.000000e+00  0.000000e+00  0.000000e+00  0.000000e+00  0.000000e+00  0
Y 1 0 1  -2.541615e+00 -6.487397e+00 -2.105763e+00  0.000000e+00  0.000000e+00  0.000000e+00  0.000000e+00  0
Y 1 0 3   8.996841e-01  0.000000e+00  0.000000e+00  0.000000e+00  0.000000e+00  0.000000e+00  0.000000e+00  0
Y 1 1 0  -1.499933e+01 -1.945663e+00 -1.758749e+00  0.000000e+00  0.000000e+00  0.000000e+00  0.000000e+00  0
Y 1 1 2   3.728417e+03  0.000000e+00  0.000000e+00  0.000000e+00  0.000000e+00  0.000000e+00  0.000000e+00  0
Y 1 2 1  -1.440365e+03  0.000000e+00  0.000000e+00  0.000000e+00  0.000000e+00  0.000000e+00  0.000000e+00  0
Y 1 3 0   1.779800e+03  0.000000e+00  0.000000e+00  0.000000e+00  0.000000e+00  0.000000e+00  0.000000e+00  0
Y 2 0 1   4.223730e+02  1.426767e+02  0.000000e+00  0.000000e+00  0.000000e+00  0.000000e+00  0.000000e+00  0
Y 2 1 0   3.472067e+02 -1.352775e+02  0.000000e+00  0.000000e+00  0.000000e+00  0.000000e+00  0.000000e+00  0
Y 3 0 1   5.082739e+03  0.000000e+00  0.000000e+00  0.000000e+00  0.000000e+00  0.000000e+00  0.000000e+00  0
Y 3 1 0   5.259414e+03  0.000000e+00  0.000000e+00  0.000000e+00  0.000000e+00  0.000000e+00  0.000000e+00  0
Y 0 0 0   1.650000e-04  1.195515e-03  5.587958e-03 -4.245201e-03  0.000000e+00  0.000000e+00  0.000000e+00  0
Y 1 0 0  -7.656281e-03  0.000000e+00  0.000000e+00  0.000000e+00  0.000000e+00  0.000000e+00  0.000000e+00  0
Y 2 0 0  -2.213957e-01  0.000000e+00  0.000000e+00  0.000000e+00  0.000000e+00  0.000000e+00  0.000000e+00  0
L 0 0 0 0  25.713
L 1 0 0 0  1.234E-01
L 2 0 0 0  5.034E-01
L 0 1 0 0 -1.025E+01
L 0 2 0 0  3.248E+01
L 0 0 1 0 -1.238E+00
L 0 0 2 0 -4.672E+00
L 0 0 0 1  1.066E+00
L 0 0 0 2  2.013E+01
XF 1 0 0 0 0 -2.181E+00
XF 0 1 0 0 0 -1.980E-01
XF 0 0 0 0 1  1.191E+01
TF 1 0 0 0 0 -1.000E-01
TF 0 1 0 0 0 -4.690E-01
TF 0 0 0 0 1  1.967E+00
PF 0 0 1 0 0  3.630E-01
PF 0 0 0 1 0 -0.902E+00
YF 0 0 1 0 0 -5.950E-01
YF 0 0 0 1 0 -1.274E+00
