############ LEFT VDC #########################
No of Crate, Slot, First, Last chans
[ L.vdc.u1 ]
3       7       0      95                  U1: u1cr1, u1sl1, u1cf1, u1cl1
3       8       0      95                  ~~~ u1cr2, u1sl2, u1cf2, u1cl2
3       9       0      95                      u1cr3, u1sl3, u1cf3, u1cl3
3       10       0      79                      u1cr4, u1sl4, u1cf4, u1cl4
0.0  0.77852 -.0042426 -45.0                   z, wbeg, wspac, wangle (m)
49.28e3                                        Drift velocity (m/s)
TDC Offset Values
   1 1825.9    2 1825.9    3 1825.9    4 1825.9    5 1825.9    6 1825.9    7 1825.9    8 1825.9
   9 1825.9   10 1825.9   11 1825.9   12 1825.9   13 1825.9   14 1825.9   15 1825.9   16 1825.9
  17 1823.1   18 1823.1   19 1823.1   20 1823.1   21 1823.1   22 1823.1   23 1823.1   24 1823.1
  25 1823.1   26 1823.1   27 1823.1   28 1823.1   29 1823.1   30 1823.1   31 1823.1   32 1823.1
  33 1823.4   34 1823.4   35 1823.4   36 1823.4   37 1823.4   38 1823.4   39 1823.4   40 1823.4
  41 1823.4   42 1823.4   43 1823.4   44 1823.4   45 1823.4   46 1823.4   47 1823.4   48 1823.4
  49 1819.7   50 1819.7   51 1819.7   52 1819.7   53 1819.7   54 1819.7   55 1819.7   56 1819.7
  57 1819.7   58 1819.7   59 1819.7   60 1819.7   61 1819.7   62 1819.7   63 1819.7   64 1819.7
  65 1821.7   66 1821.7   67 1821.7   68 1821.7   69 1821.7   70 1821.7   71 1821.7   72 1821.7
  73 1821.7   74 1821.7   75 1821.7   76 1821.7   77 1821.7   78 1821.7   79 1821.7   80 1821.7
  81 1822.8   82 1822.8   83 1822.8   84 1822.8   85 1822.8   86 1822.8   87 1822.8   88 1822.8
  89 1822.8   90 1822.8   91 1822.8   92 1822.8   93 1822.8   94 1822.8   95 1822.8   96 1822.8
  97 1826.9   98 1826.9   99 1826.9  100 1826.9  101 1826.9  102 1826.9  103 1826.9  104 1826.9
 105 1826.9  106 1826.9  107 1826.9  108 1826.9  109 1826.9  110 1826.9  111 1826.9  112 1826.9
 113 1824.9  114 1824.9  115 1824.9  116 1824.9  117 1824.9  118 1824.9  119 1824.9  120 1824.9
 121 1824.9  122 1824.9  123 1824.9  124 1824.9  125 1824.9  126 1824.9  127 1824.9  128 1824.9
 129 1826.1  130 1826.1  131 1826.1  132 1826.1  133 1826.1  134 1826.1  135 1826.1  136 1826.1
 137 1826.1  138 1826.1  139 1826.1  140 1826.1  141 1826.1  142 1826.1  143 1826.1  144 1826.1
 145 1822.3  146 1822.3  147 1822.3  148 1822.3  149 1822.3  150 1822.3  151 1822.3  152 1822.3
 153 1822.3  154 1822.3  155 1822.3  156 1822.3  157 1822.3  158 1822.3  159 1822.3  160 1822.3
 161 1821.2  162 1821.2  163 1821.2  164 1821.2  165 1821.2  166 1821.2  167 1821.2  168 1821.2
 169 1821.2  170 1821.2  171 1821.2  172 1821.2  173 1821.2  174 1821.2  175 1821.2  176 1821.2
 177 1822.1  178 1822.1  179 1822.1  180 1822.1  181 1822.1  182 1822.1  183 1822.1  184 1822.1
 185 1822.1  186 1822.1  187 1822.1  188 1822.1  189 1822.1  190 1822.1  191 1822.1  192 1822.1
 193 1829.1  194 1829.1  195 1829.1  196 1829.1  197 1829.1  198 1829.1  199 1829.1  200 1829.1
 201 1829.1  202 1829.1  203 1829.1  204 1829.1  205 1829.1  206 1829.1  207 1829.1  208 1829.1
 209 1825.9  210 1825.9  211 1825.9  212 1825.9  213 1825.9  214 1825.9  215 1825.9  216 1825.9
 217 1825.9  218 1825.9  219 1825.9  220 1825.9  221 1825.9  222 1825.9  223 1825.9  224 1825.9
 225 1828.3  226 1828.3  227 1828.3  228 1828.3  229 1828.3  230 1828.3  231 1828.3  232 1828.3
 233 1828.3  234 1828.3  235 1828.3  236 1828.3  237 1828.3  238 1828.3  239 1828.3  240 1828.3
 241 1824.6  242 1824.6  243 1824.6  244 1824.6  245 1824.6  246 1824.6  247 1824.6  248 1824.6
 249 1824.6  250 1824.6  251 1824.6  252 1824.6  253 1824.6  254 1824.6  255 1824.6  256 1824.6
 257 1828.7  258 1828.7  259 1828.7  260 1828.7  261 1828.7  262 1828.7  263 1828.7  264 1828.7
 265 1828.7  266 1828.7  267 1828.7  268 1828.7  269 1828.7  270 1828.7  271 1828.7  272 1828.7
 273 1828.9  274 1828.9  275 1828.9  276 1828.9  277 1828.9  278 1828.9  279 1828.9  280 1828.9
 281 1828.9  282 1828.9  283 1828.9  284 1828.9  285 1828.9  286 1828.9  287 1828.9  288 1828.9
 289 1830.4  290 1830.4  291 1830.4  292 1830.4  293 1830.4  294 1830.4  295 1830.4  296 1830.4
 297 1830.4  298 1830.4  299 1830.4  300 1830.4  301 1830.4  302 1830.4  303 1830.4  304 1830.4
 305 1830.5  306 1830.5  307 1830.5  308 1830.5  309 1830.5  310 1830.5  311 1830.5  312 1830.5
 313 1830.5  314 1830.5  315 1830.5  316 1830.5  317 1830.5  318 1830.5  319 1830.5  320 1830.5
 321 1829.1  322 1829.1  323 1829.1  324 1829.1  325 1829.1  326 1829.1  327 1829.1  328 1829.1
 329 1829.1  330 1829.1  331 1829.1  332 1829.1  333 1829.1  334 1829.1  335 1829.1  336 1829.1
 337 1829.6  338 1829.6  339 1829.6  340 1829.6  341 1829.6  342 1829.6  343 1829.6  344 1829.6
 345 1829.6  346 1829.6  347 1829.6  348 1829.6  349 1829.6  350 1829.6  351 1829.6  352 1829.6
 353 1830.7  354 1830.7  355 1830.7  356 1830.7  357 1830.7  358 1830.7  359 1830.7  360 1830.7
 361 1830.7  362 1830.7  363 1830.7  364 1830.7  365 1830.7  366 1830.7  367 1830.7  368 1830.7
TTD Lookup Table
-2.350e-08
745
 0.0047  0.0104  0.0171  0.0247  0.0333  0.0430  0.0534  0.0647  0.0771  0.0895
 0.1035  0.1177  0.1336  0.1503  0.1692  0.1895  0.2120  0.2356  0.2628  0.2919
 0.3238  0.3571  0.3934  0.4305  0.4692  0.5094  0.5550  0.5981  0.6427  0.6859
 0.7318  0.7763  0.8221  0.8665  0.9132  0.9580  1.0034  1.0467  1.0922  1.1360
 1.1822  1.2263  1.2721  1.3167  1.3620  1.4060  1.4513  1.4957  1.5404  1.5840
 1.6299  1.6728  1.7178  1.7617  1.8074  1.8515  1.8962  1.9399  1.9847  2.0286
 2.0736  2.1172  2.1622  2.2051  2.2496  2.2923  2.3369  2.3796  2.4231  2.4645
 2.5080  2.5497  2.5920  2.6332  2.6748  2.7150  2.7553  2.7945  2.8341  2.8721
 2.9112  2.9483  2.9862  3.0229  3.0594  3.0942  3.1294  3.1632  3.1974  3.2302
 3.2636  3.2952  3.3265  3.3567  3.3878  3.4181  3.4471  3.4752  3.5038  3.5303
 3.5575  3.5838  3.6105  3.6367  3.6628  3.6884  3.7178  3.7444  3.7717  3.7981
 3.8258  3.8531  3.8813  3.9084  3.9363  3.9632  3.9906  4.0172  4.0447  4.0714
 4.0989  4.1254  4.1528  4.1792  4.2057  4.2313  4.2587  4.2848  4.3114  4.3364
 4.3637  4.3893  4.4153  4.4407  4.4669  4.4915  4.5173  4.5421  4.5679  4.5927
 4.6183  4.6431  4.6685  4.6930  4.7178  4.7419  4.7674  4.7917  4.8168  4.8405
 4.8652  4.8889  4.9133  4.9369  4.9620  4.9862  5.0110  5.0349  5.0593  5.0828
 5.1073  5.1311  5.1554  5.1792  5.2032  5.2266  5.2509  5.2741  5.2980  5.3212
 5.3455  5.3692  5.3935  5.4170  5.4413  5.4651  5.4896  5.5123  5.5367  5.5599
 5.5836  5.6062  5.6299  5.6532  5.6772  5.7001  5.7267  5.7504  5.7738  5.7967
 5.8200  5.8429  5.8661  5.8898  5.9139  5.9368  5.9607  5.9837  6.0070  6.0301
 6.0533  6.0761  6.0989  6.1216  6.1447  6.1670  6.1897  6.2125  6.2352  6.2574
 6.2797  6.3022  6.3251  6.3470  6.3693  6.3911  6.4131  6.4353  6.4580  6.4798
 6.5020  6.5239  6.5460  6.5680  6.5905  6.6128  6.6350  6.6580  6.6810  6.7033
 6.7266  6.7492  6.7721  6.7949  6.8189  6.8426  6.8661  6.8897  6.9135  6.9374
 6.9607  6.9840  7.0076  7.0313  7.0549  7.0785  7.1031  7.1266  7.1509  7.1735
 7.1972  7.2204  7.2445  7.2679  7.2915  7.3148  7.3383  7.3616  7.3858  7.4092
 7.4329  7.4568  7.4801  7.5035  7.5271  7.5505  7.5766  7.5996  7.6222  7.6453
 7.6682  7.6916  7.7146  7.7374  7.7609  7.7843  7.8076  7.8307  7.8543  7.8774
 7.9004  7.9231  7.9469  7.9698  7.9931  8.0164  8.0394  8.0622  8.0849  8.1079
 8.1310  8.1539  8.1770  8.2002  8.2231  8.2466  8.2694  8.2929  8.3160  8.3393
 8.3621  8.3851  8.4079  8.4311  8.4534  8.4767  8.5001  8.5234  8.5462  8.5685
 8.5912  8.6141  8.6371  8.6597  8.6823  8.7047  8.7280  8.7508  8.7731  8.7955
 8.8183  8.8412  8.8642  8.8875  8.9103  8.9331  8.9560  8.9788  9.0017  9.0247
 9.0474  9.0705  9.0937  9.1161  9.1386  9.1607  9.1836  9.2058  9.2280  9.2506
 9.2729  9.2951  9.3177  9.3404  9.3629  9.3854  9.4099  9.4324  9.4547  9.4777
 9.5000  9.5226  9.5445  9.5671  9.5892  9.6117  9.6334  9.6554  9.6774  9.6995
 9.7220  9.7446  9.7666  9.7888  9.8105  9.8332  9.8564  9.8794  9.9017  9.9246
 9.9464  9.9693  9.9917 10.0145 10.0373 10.0598 10.0820 10.1048 10.1274 10.1504
10.1730 10.1960 10.2187 10.2418 10.2639 10.2868 10.3099 10.3334 10.3562 10.3790
10.4018 10.4246 10.4472 10.4705 10.4935 10.5171 10.5392 10.5618 10.5845 10.6078
10.6300 10.6531 10.6755 10.6987 10.7214 10.7439 10.7662 10.7886 10.8107 10.8335
10.8557 10.8787 10.9008 10.9234 10.9457 10.9690 10.9913 11.0141 11.0365 11.0592
11.0813 11.1045 11.1271 11.1500 11.1721 11.1950 11.2191 11.2423 11.2645 11.2873
11.3093 11.3322 11.3544 11.3773 11.3994 11.4229 11.4445 11.4676 11.4897 11.5123
11.5344 11.5574 11.5793 11.6020 11.6240 11.6468 11.6681 11.6905 11.7124 11.7354
11.7576 11.7806 11.8025 11.8252 11.8471 11.8702 11.8925 11.9151 11.9370 11.9597
11.9822 12.0044 12.0264 12.0490 12.0709 12.0934 12.1152 12.1381 12.1601 12.1828
12.2044 12.2271 12.2491 12.2712 12.2934 12.3162 12.3380 12.3604 12.3822 12.4050
12.4271 12.4493 12.4711 12.4938 12.5157 12.5379 12.5598 12.5821 12.6037 12.6260
12.6479 12.6709 12.6922 12.7152 12.7370 12.7591 12.7807 12.8028 12.8254 12.8479
12.8698 12.8916 12.9136 12.9368 12.9589 12.9813 13.0075 13.0303 13.0521 13.0748
13.0964 13.1193 13.1401 13.1630 13.1846 13.2074 13.2288 13.2518 13.2734 13.2960
13.3181 13.3407 13.3626 13.3853 13.4071 13.4295 13.4514 13.4740 13.4955 13.5181
13.5395 13.5624 13.5843 13.6068 13.6287 13.6510 13.6726 13.6956 13.7171 13.7400
13.7615 13.7843 13.8060 13.8287 13.8507 13.8734 13.8952 13.9180 13.9398 13.9622
13.9839 14.0067 14.0276 14.0500 14.0716 14.0936 14.1149 14.1375 14.1586 14.1807
14.2020 14.2239 14.2448 14.2668 14.2876 14.3093 14.3298 14.3521 14.3724 14.3937
14.4140 14.4347 14.4543 14.4748 14.4938 14.5132 14.5318 14.5520 14.5702 14.5893
14.6069 14.6259 14.6435 14.6613 14.6777 14.6952 14.7126 14.7290 14.7442 14.7600
14.7747 14.7896 14.8033 14.8178 14.8307 14.8447 14.8574 14.8702 14.8825 14.8943
14.9054 14.9164 14.9269 14.9376 14.9474 14.9569 14.9660 14.9748 14.9827 14.9908
14.9980 15.0056 15.0122 15.0189 15.0248 15.0312 15.0368 15.0422 15.0473 15.0523
15.0568 15.0610 15.0650 15.0689 15.0724 15.0761 15.0792 15.0822 15.0849 15.0875
15.0898 15.0922 15.0942 15.0962 15.0980 15.0997 15.1012 15.1026 15.1037 15.1049
15.1059 15.1070 15.1078 15.1086 15.1094 15.1101 15.1107 15.1114 15.1118 15.1124
15.1129 15.1132 15.1135 15.1138 15.1141 15.1144 15.1146 15.1149 15.1151 15.1153
15.1155 15.1156 15.1158 15.1160 15.1161 15.1162 15.1163 15.1164 15.1165 15.1166
15.1167 15.1168 15.1169 15.1169 15.1170 15.1171 15.1172 15.1172 15.1173 15.1174
15.1174 15.1175 15.1175 15.1176 15.1176 15.1176 15.1177 15.1177 15.1178 15.1178
15.1179 15.1179 15.1180 
[ L.vdc.v1 ]
3      19       0      95                  V1: v1cr1, v1sl1, v1cf1, v1cl1
3      20       0      95                      v1cr2, v1sl2, v1cf2, v1cl2
3      21       0      95                      v1cr3, v1sl3, v1cf3, v1cl3
3      22       0      79                      v1cr4, v1sl4, v1cf4, v1cl4
0.026  0.77852 -.0042426 45.0                  z, wbeg, wspac, wangle (m)
49.13e3                                        Drift velocity (m/s)
TDC Offset Values
   1 1830.3    2 1830.3    3 1830.3    4 1830.3    5 1830.3    6 1830.3    7 1830.3    8 1830.3
   9 1830.3   10 1830.3   11 1830.3   12 1830.3   13 1830.3   14 1830.3   15 1830.3   16 1830.3
  17 1830.2   18 1830.2   19 1830.2   20 1830.2   21 1830.2   22 1830.2   23 1830.2   24 1830.2
  25 1830.2   26 1830.2   27 1830.2   28 1830.2   29 1830.2   30 1830.2   31 1830.2   32 1830.2
  33 1828.7   34 1828.7   35 1828.7   36 1828.7   37 1828.7   38 1828.7   39 1828.7   40 1828.7
  41 1828.7   42 1828.7   43 1828.7   44 1828.7   45 1828.7   46 1828.7   47 1828.7   48 1828.7
  49 1829.3   50 1829.3   51 1829.3   52 1829.3   53 1829.3   54 1829.3   55 1829.3   56 1829.3
  57 1829.3   58 1829.3   59 1829.3   60 1829.3   61 1829.3   62 1829.3   63 1829.3   64 1829.3
  65 1829.7   66 1829.7   67 1829.7   68 1829.7   69 1829.7   70 1829.7   71 1829.7   72 1829.7
  73 1829.7   74 1829.7   75 1829.7   76 1829.7   77 1829.7   78 1829.7   79 1829.7   80 1829.7
  81 1828.7   82 1828.7   83 1828.7   84 1828.7   85 1828.7   86 1828.7   87 1828.7   88 1828.7
  89 1828.7   90 1828.7   91 1828.7   92 1828.7   93 1828.7   94 1828.7   95 1828.7   96 1828.7
  97 1835.6   98 1835.6   99 1835.6  100 1835.6  101 1835.6  102 1835.6  103 1835.6  104 1835.6
 105 1835.6  106 1835.6  107 1835.6  108 1835.6  109 1835.6  110 1835.6  111 1835.6  112 1835.6
 113 1833.9  114 1833.9  115 1833.9  116 1833.9  117 1833.9  118 1833.9  119 1833.9  120 1833.9
 121 1833.9  122 1833.9  123 1833.9  124 1833.9  125 1833.9  126 1833.9  127 1833.9  128 1833.9
 129 1832.2  130 1832.2  131 1832.2  132 1832.2  133 1832.2  134 1832.2  135 1832.2  136 1832.2
 137 1832.2  138 1832.2  139 1832.2  140 1832.2  141 1832.2  142 1832.2  143 1832.2  144 1832.2
 145 1829.5  146 1829.5  147 1829.5  148 1829.5  149 1829.5  150 1829.5  151 1829.5  152 1829.5
 153 1829.5  154 1829.5  155 1829.5  156 1829.5  157 1829.5  158 1829.5  159 1829.5  160 1829.5
 161 1832.8  162 1832.8  163 1832.8  164 1832.8  165 1832.8  166 1832.8  167 1832.8  168 1832.8
 169 1832.8  170 1832.8  171 1832.8  172 1832.8  173 1832.8  174 1832.8  175 1832.8  176 1832.8
 177 1830.7  178 1830.7  179 1830.7  180 1830.7  181 1830.7  182 1830.7  183 1830.7  184 1830.7
 185 1830.7  186 1830.7  187 1830.7  188 1830.7  189 1830.7  190 1830.7  191 1830.7  192 1830.7
 193 1833.0  194 1833.0  195 1833.0  196 1833.0  197 1833.0  198 1833.0  199 1833.0  200 1833.0
 201 1833.0  202 1833.0  203 1833.0  204 1833.0  205 1833.0  206 1833.0  207 1833.0  208 1833.0
 209 1833.5  210 1833.5  211 1833.5  212 1833.5  213 1833.5  214 1833.5  215 1833.5  216 1833.5
 217 1833.5  218 1833.5  219 1833.5  220 1833.5  221 1833.5  222 1833.5  223 1833.5  224 1833.5
 225 1833.3  226 1833.3  227 1833.3  228 1833.3  229 1833.3  230 1833.3  231 1833.3  232 1833.3
 233 1833.3  234 1833.3  235 1833.3  236 1833.3  237 1833.3  238 1833.3  239 1833.3  240 1833.3
 241 1833.8  242 1833.8  243 1833.8  244 1833.8  245 1833.8  246 1833.8  247 1833.8  248 1833.8
 249 1833.8  250 1833.8  251 1833.8  252 1833.8  253 1833.8  254 1833.8  255 1833.8  256 1833.8
 257 1836.8  258 1836.8  259 1836.8  260 1836.8  261 1836.8  262 1836.8  263 1836.8  264 1836.8
 265 1836.8  266 1836.8  267 1836.8  268 1836.8  269 1836.8  270 1836.8  271 1836.8  272 1836.8
 273 1837.4  274 1837.4  275 1837.4  276 1837.4  277 1837.4  278 1837.4  279 1837.4  280 1837.4
 281 1837.4  282 1837.4  283 1837.4  284 1837.4  285 1837.4  286 1837.4  287 1837.4  288 1837.4
 289 1841.0  290 1841.0  291 1841.0  292 1841.0  293 1841.0  294 1841.0  295 1841.0  296 1841.0
 297 1841.0  298 1841.0  299 1841.0  300 1841.0  301 1841.0  302 1841.0  303 1841.0  304 1841.0
 305 1839.3  306 1839.3  307 1839.3  308 1839.3  309 1839.3  310 1839.3  311 1839.3  312 1839.3
 313 1839.3  314 1839.3  315 1839.3  316 1839.3  317 1839.3  318 1839.3  319 1839.3  320 1839.3
 321 1839.7  322 1839.7  323 1839.7  324 1839.7  325 1839.7  326 1839.7  327 1839.7  328 1839.7
 329 1839.7  330 1839.7  331 1839.7  332 1839.7  333 1839.7  334 1839.7  335 1839.7  336 1839.7
 337 1839.4  338 1839.4  339 1839.4  340 1839.4  341 1839.4  342 1839.4  343 1839.4  344 1839.4
 345 1839.4  346 1839.4  347 1839.4  348 1839.4  349 1839.4  350 1839.4  351 1839.4  352 1839.4
 353 1832.4  354 1832.4  355 1832.4  356 1832.4  357 1832.4  358 1832.4  359 1832.4  360 1832.4
 361 1832.4  362 1832.4  363 1832.4  364 1832.4  365 1832.4  366 1832.4  367 1832.4  368 1832.4
TTD Lookup Table
-2.250e-08
743
 0.0053  0.0112  0.0178  0.0249  0.0331  0.0419  0.0516  0.0622  0.0729  0.0849
 0.0975  0.1103  0.1240  0.1393  0.1558  0.1741  0.1941  0.2164  0.2401  0.2667
 0.2950  0.3263  0.3589  0.3933  0.4354  0.4737  0.5131  0.5538  0.5952  0.6378
 0.6799  0.7225  0.7662  0.8097  0.8530  0.8969  0.9412  0.9849  1.0288  1.0729
 1.1171  1.1624  1.2064  1.2514  1.2958  1.3410  1.3862  1.4309  1.4762  1.5216
 1.5664  1.6105  1.6551  1.7003  1.7447  1.7898  1.8353  1.8807  1.9256  1.9700
 2.0150  2.0601  2.1035  2.1474  2.1912  2.2351  2.2780  2.3205  2.3643  2.4085
 2.4497  2.4909  2.5329  2.5750  2.6161  2.6573  2.6972  2.7370  2.7753  2.8138
 2.8517  2.8893  2.9271  2.9632  2.9993  3.0355  3.0697  3.1034  3.1367  3.1697
 3.2021  3.2338  3.2644  3.2948  3.3238  3.3529  3.3811  3.4089  3.4358  3.4629
 3.4894  3.5159  3.5421  3.5685  3.5967  3.6230  3.6503  3.6765  3.7034  3.7304
 3.7574  3.7849  3.8123  3.8401  3.8677  3.8944  3.9214  3.9483  3.9746  4.0007
 4.0272  4.0545  4.0803  4.1057  4.1318  4.1583  4.1839  4.2099  4.2357  4.2615
 4.2870  4.3121  4.3378  4.3631  4.3875  4.4122  4.4373  4.4626  4.4877  4.5126
 4.5374  4.5629  4.5876  4.6124  4.6370  4.6615  4.6861  4.7103  4.7353  4.7595
 4.7837  4.8082  4.8324  4.8566  4.8801  4.9035  4.9274  4.9514  4.9754  4.9994
 5.0234  5.0471  5.0712  5.0952  5.1189  5.1427  5.1664  5.1900  5.2134  5.2376
 5.2609  5.2845  5.3088  5.3331  5.3566  5.3806  5.4046  5.4288  5.4521  5.4750
 5.4991  5.5229  5.5462  5.5699  5.5972  5.6205  5.6436  5.6669  5.6906  5.7139
 5.7374  5.7603  5.7845  5.8077  5.8311  5.8536  5.8770  5.8992  5.9221  5.9443
 5.9676  5.9905  6.0137  6.0356  6.0587  6.0813  6.1041  6.1258  6.1481  6.1702
 6.1926  6.2147  6.2372  6.2592  6.2816  6.3039  6.3264  6.3487  6.3716  6.3931
 6.4158  6.4378  6.4607  6.4826  6.5054  6.5283  6.5514  6.5737  6.5972  6.6201
 6.6437  6.6664  6.6903  6.7134  6.7370  6.7602  6.7849  6.8080  6.8317  6.8547
 6.8788  6.9027  6.9270  6.9507  6.9744  6.9977  7.0217  7.0450  7.0689  7.0925
 7.1162  7.1390  7.1633  7.1862  7.2097  7.2331  7.2568  7.2798  7.3037  7.3274
 7.3515  7.3749  7.3988  7.4217  7.4479  7.4711  7.4943  7.5177  7.5416  7.5652
 7.5889  7.6122  7.6356  7.6586  7.6820  7.7052  7.7290  7.7519  7.7750  7.7981
 7.8213  7.8446  7.8672  7.8905  7.9140  7.9371  7.9605  7.9831  8.0065  8.0294
 8.0529  8.0760  8.1000  8.1223  8.1452  8.1681  8.1913  8.2139  8.2370  8.2607
 8.2841  8.3071  8.3298  8.3520  8.3757  8.3978  8.4209  8.4432  8.4667  8.4887
 8.5113  8.5342  8.5571  8.5804  8.6033  8.6259  8.6492  8.6720  8.6955  8.7182
 8.7411  8.7640  8.7869  8.8089  8.8320  8.8557  8.8782  8.9007  8.9237  8.9467
 8.9698  8.9918  9.0149  9.0375  9.0603  9.0826  9.1050  9.1279  9.1506  9.1724
 9.1953  9.2174  9.2403  9.2625  9.2879  9.3105  9.3335  9.3559  9.3789  9.4012
 9.4235  9.4456  9.4686  9.4906  9.5133  9.5350  9.5576  9.5801  9.6026  9.6252
 9.6475  9.6703  9.6929  9.7152  9.7380  9.7606  9.7829  9.8055  9.8287  9.8520
 9.8747  9.8970  9.9199  9.9427  9.9660  9.9881 10.0112 10.0344 10.0570 10.0793
10.1022 10.1241 10.1472 10.1691 10.1921 10.2146 10.2374 10.2605 10.2834 10.3059
10.3288 10.3511 10.3744 10.3971 10.4200 10.4425 10.4658 10.4889 10.5117 10.5340
10.5571 10.5799 10.6027 10.6252 10.6487 10.6715 10.6938 10.7164 10.7394 10.7628
10.7861 10.8081 10.8309 10.8535 10.8763 10.8986 10.9220 10.9445 10.9674 10.9899
11.0127 11.0354 11.0582 11.0803 11.1037 11.1266 11.1489 11.1711 11.1942 11.2164
11.2391 11.2614 11.2847 11.3072 11.3298 11.3520 11.3752 11.3973 11.4202 11.4425
11.4655 11.4876 11.5100 11.5318 11.5547 11.5771 11.5999 11.6218 11.6444 11.6664
11.6887 11.7104 11.7332 11.7554 11.7782 11.8002 11.8226 11.8451 11.8679 11.8896
11.9125 11.9347 11.9573 11.9794 12.0022 12.0249 12.0476 12.0696 12.0918 12.1145
12.1368 12.1584 12.1812 12.2034 12.2259 12.2477 12.2706 12.2927 12.3154 12.3375
12.3598 12.3817 12.4039 12.4264 12.4493 12.4714 12.4948 12.5165 12.5390 12.5613
12.5840 12.6057 12.6281 12.6504 12.6729 12.6950 12.7177 12.7397 12.7623 12.7843
12.8066 12.8290 12.8518 12.8739 12.8999 12.9218 12.9447 12.9668 12.9894 13.0112
13.0336 13.0556 13.0785 13.1004 13.1232 13.1450 13.1681 13.1900 13.2127 13.2343
13.2573 13.2794 13.3021 13.3242 13.3471 13.3692 13.3925 13.4148 13.4373 13.4592
13.4816 13.5037 13.5267 13.5487 13.5717 13.5938 13.6168 13.6388 13.6612 13.6832
13.7063 13.7289 13.7514 13.7736 13.7962 13.8189 13.8418 13.8635 13.8859 13.9076
13.9300 13.9517 13.9744 13.9961 14.0186 14.0405 14.0637 14.0852 14.1081 14.1302
14.1527 14.1746 14.1962 14.2177 14.2399 14.2614 14.2833 14.3047 14.3264 14.3477
14.3690 14.3897 14.4107 14.4311 14.4517 14.4716 14.4922 14.5118 14.5316 14.5508
14.5703 14.5891 14.6081 14.6261 14.6460 14.6636 14.6814 14.6985 14.7156 14.7321
14.7487 14.7644 14.7807 14.7954 14.8104 14.8246 14.8386 14.8519 14.8651 14.8777
14.8901 14.9016 14.9132 14.9239 14.9346 14.9447 14.9544 14.9635 14.9727 14.9812
14.9898 14.9978 15.0055 15.0127 15.0195 15.0261 15.0325 15.0385 15.0440 15.0493
15.0547 15.0591 15.0633 15.0674 15.0711 15.0747 15.0780 15.0813 15.0840 15.0865
15.0892 15.0915 15.0938 15.0956 15.0976 15.0994 15.1009 15.1024 15.1037 15.1049
15.1060 15.1070 15.1080 15.1088 15.1097 15.1104 15.1111 15.1115 15.1121 15.1125
15.1130 15.1134 15.1137 15.1141 15.1144 15.1146 15.1149 15.1151 15.1152 15.1155
15.1156 15.1158 15.1159 15.1160 15.1162 15.1163 15.1164 15.1165 15.1166 15.1166
15.1167 15.1168 15.1168 15.1169 15.1169 15.1170 15.1170 15.1171 15.1171 15.1172
15.1173 15.1173 15.1173 15.1174 15.1174 15.1175 15.1175 15.1175 15.1176
[ L.vdc.u2 ]
3      3       0      95                  U2: u2cr1, u2sl1, u2cf1, u2cl1
3      4       0      95                  ~~~ u2cr2, u2sl2, u2cf2, u2cl2
3      5       0      95                      u2cr3, u2sl3, u2cf3, u2cl3
3      6       0      79                      u2cr4, u2sl4, u2cf4, u2cl4
0.3348 1.02718 -.0042426 -45.0                 z, wbeg, wspac, wangle (m)
49.73e3                                        Drift velocity (m/s)
TDC Offset Values
   1 1811.8    2 1811.8    3 1811.8    4 1811.8    5 1811.8    6 1811.8    7 1811.8    8 1811.8
   9 1811.8   10 1811.8   11 1811.8   12 1811.8   13 1811.8   14 1811.8   15 1811.8   16 1811.8
  17 1809.1   18 1809.1   19 1809.1   20 1809.1   21 1809.1   22 1809.1   23 1809.1   24 1809.1
  25 1809.1   26 1809.1   27 1809.1   28 1809.1   29 1809.1   30 1809.1   31 1809.1   32 1809.1
  33 1811.9   34 1811.9   35 1811.9   36 1811.9   37 1811.9   38 1811.9   39 1811.9   40 1811.9
  41 1811.9   42 1811.9   43 1811.9   44 1811.9   45 1811.9   46 1811.9   47 1811.9   48 1811.9
  49 1809.8   50 1809.8   51 1809.8   52 1809.8   53 1809.8   54 1809.8   55 1809.8   56 1809.8
  57 1809.8   58 1809.8   59 1809.8   60 1809.8   61 1809.8   62 1809.8   63 1809.8   64 1809.8
  65 1812.5   66 1812.5   67 1812.5   68 1812.5   69 1812.5   70 1812.5   71 1812.5   72 1812.5
  73 1812.5   74 1812.5   75 1812.5   76 1812.5   77 1812.5   78 1812.5   79 1812.5   80 1812.5
  81 1837.3   82 1837.3   83 1837.3   84 1837.3   85 1837.3   86 1837.3   87 1837.3   88 1837.3
  89 1837.3   90 1837.3   91 1837.3   92 1837.3   93 1837.3   94 1837.3   95 1837.3   96 1837.3
  97 1821.7   98 1821.7   99 1821.7  100 1821.7  101 1821.7  102 1821.7  103 1821.7  104 1821.7
 105 1821.7  106 1821.7  107 1821.7  108 1821.7  109 1821.7  110 1821.7  111 1821.7  112 1821.7
 113 1819.1  114 1819.1  115 1819.1  116 1819.1  117 1819.1  118 1819.1  119 1819.1  120 1819.1
 121 1819.1  122 1819.1  123 1819.1  124 1819.1  125 1819.1  126 1819.1  127 1819.1  128 1819.1
 129 1819.1  130 1819.1  131 1819.1  132 1819.1  133 1819.1  134 1819.1  135 1819.1  136 1819.1
 137 1819.1  138 1819.1  139 1819.1  140 1819.1  141 1819.1  142 1819.1  143 1819.1  144 1819.1
 145 1815.8  146 1815.8  147 1815.8  148 1815.8  149 1815.8  150 1815.8  151 1815.8  152 1815.8
 153 1815.8  154 1815.8  155 1815.8  156 1815.8  157 1815.8  158 1815.8  159 1815.8  160 1815.8
 161 1819.0  162 1819.0  163 1819.0  164 1819.0  165 1819.0  166 1819.0  167 1819.0  168 1819.0
 169 1819.0  170 1819.0  171 1819.0  172 1819.0  173 1819.0  174 1819.0  175 1819.0  176 1819.0
 177 1818.1  178 1818.1  179 1818.1  180 1818.1  181 1818.1  182 1818.1  183 1818.1  184 1818.1
 185 1818.1  186 1818.1  187 1818.1  188 1818.1  189 1818.1  190 1818.1  191 1818.1  192 1818.1
 193 1820.8  194 1820.8  195 1820.8  196 1820.8  197 1820.8  198 1820.8  199 1820.8  200 1820.8
 201 1820.8  202 1820.8  203 1820.8  204 1820.8  205 1820.8  206 1820.8  207 1820.8  208 1820.8
 209 1821.2  210 1821.2  211 1821.2  212 1821.2  213 1821.2  214 1821.2  215 1821.2  216 1821.2
 217 1821.2  218 1821.2  219 1821.2  220 1821.2  221 1821.2  222 1821.2  223 1821.2  224 1821.2
 225 1821.9  226 1821.9  227 1821.9  228 1821.9  229 1821.9  230 1821.9  231 1821.9  232 1821.9
 233 1821.9  234 1821.9  235 1821.9  236 1821.9  237 1821.9  238 1821.9  239 1821.9  240 1821.9
 241 1820.6  242 1820.6  243 1820.6  244 1820.6  245 1820.6  246 1820.6  247 1820.6  248 1820.6
 249 1820.6  250 1820.6  251 1820.6  252 1820.6  253 1820.6  254 1820.6  255 1820.6  256 1820.6
 257 1820.8  258 1820.8  259 1820.8  260 1820.8  261 1820.8  262 1820.8  263 1820.8  264 1820.8
 265 1820.8  266 1820.8  267 1820.8  268 1820.8  269 1820.8  270 1820.8  271 1820.8  272 1820.8
 273 1820.6  274 1820.6  275 1820.6  276 1820.6  277 1820.6  278 1820.6  279 1820.6  280 1820.6
 281 1820.6  282 1820.6  283 1820.6  284 1820.6  285 1820.6  286 1820.6  287 1820.6  288 1820.6
 289 1828.6  290 1828.6  291 1828.6  292 1828.6  293 1828.6  294 1828.6  295 1828.6  296 1828.6
 297 1828.6  298 1828.6  299 1828.6  300 1828.6  301 1828.6  302 1828.6  303 1828.6  304 1828.6
 305 1824.5  306 1824.5  307 1824.5  308 1824.5  309 1824.5  310 1824.5  311 1824.5  312 1824.5
 313 1824.5  314 1824.5  315 1824.5  316 1824.5  317 1824.5  318 1824.5  319 1824.5  320 1824.5
 321 1825.8  322 1825.8  323 1825.8  324 1825.8  325 1825.8  326 1825.8  327 1825.8  328 1825.8
 329 1825.8  330 1825.8  331 1825.8  332 1825.8  333 1825.8  334 1825.8  335 1825.8  336 1825.8
 337 1825.4  338 1825.4  339 1825.4  340 1825.4  341 1825.4  342 1825.4  343 1825.4  344 1825.4
 345 1825.4  346 1825.4  347 1825.4  348 1825.4  349 1825.4  350 1825.4  351 1825.4  352 1825.4
 353 1824.1  354 1824.1  355 1824.1  356 1824.1  357 1824.1  358 1824.1  359 1824.1  360 1824.1
 361 1824.1  362 1824.1  363 1824.1  364 1824.1  365 1824.1  366 1824.1  367 1824.1  368 1824.1
TTD Lookup Table
-2.300e-08
744
 0.0048  0.0107  0.0175  0.0248  0.0332  0.0427  0.0526  0.0634  0.0747  0.0868
 0.1004  0.1144  0.1301  0.1474  0.1666  0.1887  0.2123  0.2389  0.2677  0.2997
 0.3329  0.3689  0.4063  0.4458  0.4865  0.5311  0.5735  0.6174  0.6610  0.7053
 0.7500  0.7948  0.8393  0.8844  0.9294  0.9738  1.0184  1.0627  1.1075  1.1515
 1.1969  1.2417  1.2856  1.3311  1.3757  1.4208  1.4655  1.5104  1.5548  1.5998
 1.6448  1.6897  1.7343  1.7794  1.8237  1.8675  1.9111  1.9556  1.9992  2.0429
 2.0861  2.1305  2.1734  2.2175  2.2604  2.3044  2.3475  2.3907  2.4336  2.4768
 2.5191  2.5617  2.6031  2.6447  2.6847  2.7253  2.7644  2.8045  2.8434  2.8823
 2.9201  2.9576  2.9949  3.0316  3.0666  3.1020  3.1367  3.1709  3.2039  3.2365
 3.2680  3.2992  3.3300  3.3600  3.3890  3.4178  3.4459  3.4731  3.4999  3.5271
 3.5530  3.5784  3.6049  3.6311  3.6572  3.6874  3.7143  3.7419  3.7689  3.7962
 3.8234  3.8508  3.8785  3.9059  3.9334  3.9599  3.9869  4.0138  4.0410  4.0678
 4.0945  4.1217  4.1483  4.1749  4.2012  4.2270  4.2533  4.2792  4.3051  4.3309
 4.3563  4.3818  4.4070  4.4323  4.4577  4.4831  4.5078  4.5334  4.5582  4.5831
 4.6077  4.6325  4.6574  4.6820  4.7065  4.7309  4.7554  4.7800  4.8043  4.8288
 4.8540  4.8782  4.9028  4.9269  4.9511  4.9751  4.9993  5.0234  5.0478  5.0716
 5.0949  5.1188  5.1426  5.1662  5.1899  5.2137  5.2376  5.2619  5.2856  5.3093
 5.3332  5.3568  5.3801  5.4037  5.4272  5.4507  5.4745  5.4979  5.5217  5.5449
 5.5685  5.5927  5.6164  5.6395  5.6626  5.6886  5.7126  5.7360  5.7594  5.7822
 5.8055  5.8284  5.8511  5.8745  5.8981  5.9214  5.9440  5.9676  5.9910  6.0148
 6.0374  6.0602  6.0833  6.1067  6.1292  6.1523  6.1752  6.1975  6.2199  6.2430
 6.2658  6.2873  6.3090  6.3311  6.3539  6.3754  6.3976  6.4189  6.4412  6.4631
 6.4847  6.5067  6.5289  6.5513  6.5733  6.5955  6.6183  6.6408  6.6633  6.6857
 6.7084  6.7317  6.7547  6.7785  6.8020  6.8256  6.8488  6.8723  6.8964  6.9197
 6.9437  6.9678  6.9917  7.0149  7.0386  7.0625  7.0869  7.1107  7.1344  7.1585
 7.1827  7.2059  7.2293  7.2534  7.2773  7.3009  7.3241  7.3477  7.3711  7.3951
 7.4187  7.4423  7.4658  7.4894  7.5120  7.5365  7.5596  7.5825  7.6063  7.6297
 7.6528  7.6759  7.6983  7.7212  7.7439  7.7675  7.7905  7.8137  7.8368  7.8598
 7.8829  7.9057  7.9290  7.9526  7.9751  7.9981  8.0214  8.0442  8.0668  8.0900
 8.1133  8.1353  8.1585  8.1815  8.2044  8.2270  8.2498  8.2730  8.2957  8.3188
 8.3416  8.3648  8.3876  8.4106  8.4337  8.4565  8.4790  8.5022  8.5245  8.5470
 8.5701  8.5925  8.6147  8.6372  8.6603  8.6828  8.7059  8.7289  8.7519  8.7743
 8.7972  8.8203  8.8433  8.8661  8.8890  8.9121  8.9343  8.9568  8.9799  9.0026
 9.0255  9.0482  9.0704  9.0930  9.1155  9.1386  9.1608  9.1830  9.2055  9.2285
 9.2513  9.2734  9.2961  9.3185  9.3403  9.3632  9.3857  9.4081  9.4307  9.4530
 9.4755  9.4980  9.5205  9.5426  9.5654  9.5881  9.6103  9.6326  9.6550  9.6774
 9.7001  9.7221  9.7443  9.7671  9.7898  9.8125  9.8349  9.8572  9.8794  9.9018
 9.9251  9.9473  9.9701  9.9935 10.0170 10.0396 10.0618 10.0845 10.1073 10.1301
10.1522 10.1753 10.1975 10.2202 10.2427 10.2653 10.2881 10.3105 10.3333 10.3552
10.3778 10.4009 10.4238 10.4464 10.4696 10.4924 10.5154 10.5383 10.5611 10.5837
10.6064 10.6288 10.6514 10.6739 10.6964 10.7192 10.7416 10.7644 10.7873 10.8100
10.8328 10.8552 10.8775 10.9003 10.9229 10.9458 10.9684 10.9907 11.0134 11.0358
11.0590 11.0817 11.1046 11.1271 11.1497 11.1747 11.1968 11.2189 11.2413 11.2640
11.2871 11.3094 11.3317 11.3546 11.3773 11.3998 11.4221 11.4450 11.4680 11.4902
11.5126 11.5349 11.5577 11.5801 11.6022 11.6246 11.6468 11.6688 11.6913 11.7139
11.7368 11.7589 11.7811 11.8035 11.8259 11.8483 11.8706 11.8929 11.9157 11.9385
11.9610 11.9836 12.0059 12.0281 12.0502 12.0726 12.0954 12.1174 12.1400 12.1624
12.1846 12.2068 12.2289 12.2513 12.2732 12.2958 12.3176 12.3398 12.3619 12.3839
12.4053 12.4278 12.4503 12.4727 12.4945 12.5164 12.5385 12.5610 12.5826 12.6045
12.6264 12.6487 12.6712 12.6932 12.7148 12.7365 12.7585 12.7803 12.8026 12.8241
12.8472 12.8698 12.8921 12.9143 12.9365 12.9604 12.9833 13.0058 13.0283 13.0508
13.0729 13.0950 13.1175 13.1395 13.1620 13.1845 13.2070 13.2293 13.2515 13.2741
13.2962 13.3186 13.3406 13.3631 13.3856 13.4082 13.4306 13.4534 13.4750 13.4978
13.5199 13.5419 13.5642 13.5861 13.6084 13.6310 13.6536 13.6758 13.6978 13.7204
13.7426 13.7651 13.7877 13.8101 13.8317 13.8539 13.8763 13.8987 13.9209 13.9432
13.9652 13.9865 14.0085 14.0306 14.0523 14.0748 14.0969 14.1192 14.1410 14.1626
14.1844 14.2060 14.2277 14.2496 14.2708 14.2925 14.3139 14.3353 14.3567 14.3776
14.3981 14.4187 14.4397 14.4606 14.4807 14.5005 14.5213 14.5410 14.5605 14.5801
14.5991 14.6178 14.6366 14.6547 14.6725 14.6915 14.7081 14.7249 14.7411 14.7569
14.7723 14.7876 14.8022 14.8165 14.8305 14.8446 14.8579 14.8709 14.8833 14.8951
14.9069 14.9183 14.9288 14.9391 14.9490 14.9588 14.9678 14.9763 14.9850 14.9931
15.0009 15.0084 15.0152 15.0217 15.0281 15.0342 15.0400 15.0454 15.0503 15.0550
15.0595 15.0638 15.0680 15.0714 15.0748 15.0781 15.0812 15.0839 15.0866 15.0890
15.0915 15.0937 15.0956 15.0975 15.0993 15.1008 15.1024 15.1038 15.1049 15.1060
15.1070 15.1079 15.1087 15.1094 15.1101 15.1108 15.1114 15.1118 15.1124 15.1128
15.1132 15.1136 15.1138 15.1141 15.1144 15.1147 15.1149 15.1151 15.1153 15.1155
15.1156 15.1157 15.1159 15.1160 15.1161 15.1162 15.1163 15.1164 15.1165 15.1166
15.1167 15.1167 15.1168 15.1169 15.1170 15.1171 15.1171 15.1172 15.1172 15.1173
15.1174 15.1174 15.1175 15.1175 15.1176 15.1176 15.1177 15.1177 15.1178 15.1178
15.1178 
[ L.vdc.v2 ]
3      11       0      95                  V2: v2cr1, v2sl1, v2cf1, v2cl1
3      16       0      95                  ~~~ v2cr2, v2sl2, v2cf2, v2cl
3      17       0      95                      v2cr3, v2sl3, v2cf3, v2cl3
3      18       0      79                      v2cr4, v2sl4, v2cf4, v2cl4
0.3609 1.02718 -.0042426 45.0                  z, wbeg, wspac, wangle       
49.19e3                                        Drift velocity (m/s)
TDC Offset Values   
   1 1819.6    2 1819.6    3 1819.6    4 1819.6    5 1819.6    6 1819.6    7 1819.6    8 1819.6
   9 1819.6   10 1819.6   11 1819.6   12 1819.6   13 1819.6   14 1819.6   15 1819.6   16 1819.6
  17 1820.3   18 1820.3   19 1820.3   20 1820.3   21 1820.3   22 1820.3   23 1820.3   24 1820.3
  25 1820.3   26 1820.3   27 1820.3   28 1820.3   29 1820.3   30 1820.3   31 1820.3   32 1820.3
  33 1822.2   34 1822.2   35 1822.2   36 1822.2   37 1822.2   38 1822.2   39 1822.2   40 1822.2
  41 1822.2   42 1822.2   43 1822.2   44 1822.2   45 1822.2   46 1822.2   47 1822.2   48 1822.2
  49 1816.3   50 1816.3   51 1816.3   52 1816.3   53 1816.3   54 1816.3   55 1816.3   56 1816.3
  57 1816.3   58 1816.3   59 1816.3   60 1816.3   61 1816.3   62 1816.3   63 1816.3   64 1816.3
  65 1820.7   66 1820.7   67 1820.7   68 1820.7   69 1820.7   70 1820.7   71 1820.7   72 1820.7
  73 1820.7   74 1820.7   75 1820.7   76 1820.7   77 1820.7   78 1820.7   79 1820.7   80 1820.7
  81 1819.4   82 1819.4   83 1819.4   84 1819.4   85 1819.4   86 1819.4   87 1819.4   88 1819.4
  89 1819.4   90 1819.4   91 1819.4   92 1819.4   93 1819.4   94 1819.4   95 1819.4   96 1819.4
  97 1829.8   98 1829.8   99 1829.8  100 1829.8  101 1829.8  102 1829.8  103 1829.8  104 1829.8
 105 1829.8  106 1829.8  107 1829.8  108 1829.8  109 1829.8  110 1829.8  111 1829.8  112 1829.8
 113 1826.7  114 1826.7  115 1826.7  116 1826.7  117 1826.7  118 1826.7  119 1826.7  120 1826.7
 121 1826.7  122 1826.7  123 1826.7  124 1826.7  125 1826.7  126 1826.7  127 1826.7  128 1826.7
 129 1826.0  130 1826.0  131 1826.0  132 1826.0  133 1826.0  134 1826.0  135 1826.0  136 1826.0
 137 1826.0  138 1826.0  139 1826.0  140 1826.0  141 1826.0  142 1826.0  143 1826.0  144 1826.0
 145 1823.9  146 1823.9  147 1823.9  148 1823.9  149 1823.9  150 1823.9  151 1823.9  152 1823.9
 153 1823.9  154 1823.9  155 1823.9  156 1823.9  157 1823.9  158 1823.9  159 1823.9  160 1823.9
 161 1825.9  162 1825.9  163 1825.9  164 1825.9  165 1825.9  166 1825.9  167 1825.9  168 1825.9
 169 1825.9  170 1825.9  171 1825.9  172 1825.9  173 1825.9  174 1825.9  175 1825.9  176 1825.9
 177 1822.2  178 1822.2  179 1822.2  180 1822.2  181 1822.2  182 1822.2  183 1822.2  184 1822.2
 185 1822.2  186 1822.2  187 1822.2  188 1822.2  189 1822.2  190 1822.2  191 1822.2  192 1822.2
 193 1829.6  194 1829.6  195 1829.6  196 1829.6  197 1829.6  198 1829.6  199 1829.6  200 1829.6
 201 1829.6  202 1829.6  203 1829.6  204 1829.6  205 1829.6  206 1829.6  207 1829.6  208 1829.6
 209 1828.1  210 1828.1  211 1828.1  212 1828.1  213 1828.1  214 1828.1  215 1828.1  216 1828.1
 217 1828.1  218 1828.1  219 1828.1  220 1828.1  221 1828.1  222 1828.1  223 1828.1  224 1828.1
 225 1827.7  226 1827.7  227 1827.7  228 1827.7  229 1827.7  230 1827.7  231 1827.7  232 1827.7
 233 1827.7  234 1827.7  235 1827.7  236 1827.7  237 1827.7  238 1827.7  239 1827.7  240 1827.7
 241 1827.8  242 1827.8  243 1827.8  244 1827.8  245 1827.8  246 1827.8  247 1827.8  248 1827.8
 249 1827.8  250 1827.8  251 1827.8  252 1827.8  253 1827.8  254 1827.8  255 1827.8  256 1827.8
 257 1827.4  258 1827.4  259 1827.4  260 1827.4  261 1827.4  262 1827.4  263 1827.4  264 1827.4
 265 1827.4  266 1827.4  267 1827.4  268 1827.4  269 1827.4  270 1827.4  271 1827.4  272 1827.4
 273 1828.3  274 1828.3  275 1828.3  276 1828.3  277 1828.3  278 1828.3  279 1828.3  280 1828.3
 281 1828.3  282 1828.3  283 1828.3  284 1828.3  285 1828.3  286 1828.3  287 1828.3  288 1828.3
 289 1835.1  290 1835.1  291 1835.1  292 1835.1  293 1835.1  294 1835.1  295 1835.1  296 1835.1
 297 1835.1  298 1835.1  299 1835.1  300 1835.1  301 1835.1  302 1835.1  303 1835.1  304 1835.1
 305 1833.1  306 1833.1  307 1833.1  308 1833.1  309 1833.1  310 1833.1  311 1833.1  312 1833.1
 313 1833.1  314 1833.1  315 1833.1  316 1833.1  317 1833.1  318 1833.1  319 1833.1  320 1833.1
 321 1835.5  322 1835.5  323 1835.5  324 1835.5  325 1835.5  326 1835.5  327 1835.5  328 1835.5
 329 1835.5  330 1835.5  331 1835.5  332 1835.5  333 1835.5  334 1835.5  335 1835.5  336 1835.5
 337 1835.3  338 1835.3  339 1835.3  340 1835.3  341 1835.3  342 1835.3  343 1835.3  344 1835.3
 345 1835.3  346 1835.3  347 1835.3  348 1835.3  349 1835.3  350 1835.3  351 1835.3  352 1835.3
 353 1834.2  354 1834.2  355 1834.2  356 1834.2  357 1834.2  358 1834.2  359 1834.2  360 1834.2
 361 1834.2  362 1834.2  363 1834.2  364 1834.2  365 1834.2  366 1834.2  367 1834.2  368 1834.2
TTD Lookup Table
-2.250e-08
743
 0.0051  0.0111  0.0178  0.0253  0.0331  0.0421  0.0520  0.0623  0.0735  0.0859
 0.0989  0.1130  0.1283  0.1451  0.1639  0.1840  0.2071  0.2312  0.2574  0.2857
 0.3167  0.3500  0.3848  0.4208  0.4649  0.5041  0.5445  0.5852  0.6271  0.6688
 0.7114  0.7547  0.7976  0.8412  0.8844  0.9288  0.9729  1.0168  1.0610  1.1067
 1.1514  1.1955  1.2400  1.2844  1.3290  1.3733  1.4181  1.4630  1.5076  1.5526
 1.5970  1.6413  1.6854  1.7296  1.7746  1.8192  1.8642  1.9084  1.9526  1.9969
 2.0409  2.0850  2.1294  2.1732  2.2168  2.2604  2.3039  2.3471  2.3903  2.4327
 2.4748  2.5165  2.5576  2.5992  2.6402  2.6799  2.7196  2.7583  2.7965  2.8361
 2.8744  2.9117  2.9488  2.9847  3.0198  3.0549  3.0890  3.1226  3.1559  3.1879
 3.2197  3.2505  3.2802  3.3096  3.3392  3.3671  3.3954  3.4229  3.4495  3.4759
 3.5022  3.5281  3.5542  3.5807  3.6091  3.6354  3.6623  3.6895  3.7166  3.7434
 3.7699  3.7971  3.8236  3.8507  3.8778  3.9049  3.9315  3.9580  3.9847  4.0122
 4.0388  4.0648  4.0907  4.1169  4.1426  4.1687  4.1950  4.2210  4.2468  4.2721
 4.2974  4.3222  4.3474  4.3726  4.3975  4.4230  4.4486  4.4736  4.4987  4.5238
 4.5490  4.5736  4.5982  4.6230  4.6478  4.6719  4.6965  4.7214  4.7459  4.7704
 4.7947  4.8189  4.8429  4.8672  4.8913  4.9152  4.9394  4.9635  4.9873  5.0120
 5.0356  5.0595  5.0833  5.1069  5.1307  5.1537  5.1774  5.2010  5.2248  5.2483
 5.2718  5.2954  5.3192  5.3427  5.3662  5.3899  5.4133  5.4369  5.4602  5.4832
 5.5068  5.5302  5.5533  5.5770  5.6014  5.6252  5.6482  5.6722  5.6958  5.7189
 5.7425  5.7655  5.7892  5.8131  5.8366  5.8601  5.8835  5.9065  5.9290  5.9516
 5.9748  5.9971  6.0196  6.0422  6.0648  6.0873  6.1091  6.1312  6.1533  6.1751
 6.1978  6.2201  6.2432  6.2658  6.2878  6.3096  6.3320  6.3543  6.3765  6.3983
 6.4213  6.4435  6.4664  6.4893  6.5128  6.5360  6.5591  6.5823  6.6055  6.6292
 6.6518  6.6752  6.6987  6.7215  6.7449  6.7683  6.7919  6.8153  6.8388  6.8625
 6.8861  6.9104  6.9343  6.9580  6.9821  7.0055  7.0291  7.0532  7.0770  7.1006
 7.1243  7.1478  7.1715  7.1946  7.2179  7.2412  7.2648  7.2879  7.3116  7.3351
 7.3589  7.3823  7.4057  7.4287  7.4554  7.4785  7.5018  7.5251  7.5482  7.5719
 7.5953  7.6181  7.6419  7.6649  7.6885  7.7117  7.7354  7.7581  7.7818  7.8051
 7.8286  7.8518  7.8750  7.8976  7.9208  7.9435  7.9666  7.9894  8.0123  8.0352
 8.0586  8.0808  8.1045  8.1279  8.1507  8.1736  8.1968  8.2194  8.2423  8.2657
 8.2889  8.3116  8.3342  8.3577  8.3805  8.4033  8.4265  8.4489  8.4718  8.4948
 8.5172  8.5404  8.5633  8.5861  8.6093  8.6317  8.6549  8.6775  8.7015  8.7241
 8.7472  8.7698  8.7923  8.8150  8.8379  8.8608  8.8838  8.9059  8.9285  8.9509
 8.9736  8.9968  9.0199  9.0421  9.0651  9.0875  9.1099  9.1317  9.1545  9.1770
 9.1999  9.2219  9.2445  9.2669  9.2927  9.3146  9.3373  9.3600  9.3819  9.4047
 9.4271  9.4494  9.4725  9.4955  9.5180  9.5404  9.5633  9.5858  9.6083  9.6306
 9.6532  9.6760  9.6992  9.7217  9.7443  9.7671  9.7907  9.8132  9.8364  9.8593
 9.8822  9.9048  9.9274  9.9499  9.9732  9.9961 10.0194 10.0421 10.0651 10.0879
10.1107 10.1336 10.1565 10.1789 10.2024 10.2246 10.2475 10.2697 10.2929 10.3155
10.3383 10.3609 10.3836 10.4056 10.4285 10.4510 10.4743 10.4973 10.5209 10.5433
10.5662 10.5889 10.6114 10.6339 10.6563 10.6784 10.7021 10.7250 10.7479 10.7706
10.7936 10.8164 10.8392 10.8615 10.8842 10.9064 10.9295 10.9521 10.9745 10.9971
11.0198 11.0420 11.0650 11.0872 11.1115 11.1336 11.1557 11.1784 11.2011 11.2233
11.2457 11.2680 11.2907 11.3129 11.3358 11.3583 11.3821 11.4044 11.4266 11.4491
11.4715 11.4937 11.5164 11.5390 11.5617 11.5843 11.6064 11.6286 11.6516 11.6740
11.6969 11.7198 11.7416 11.7635 11.7865 11.8089 11.8313 11.8539 11.8769 11.8995
11.9215 11.9435 11.9663 11.9887 12.0117 12.0340 12.0567 12.0790 12.1018 12.1241
12.1461 12.1679 12.1903 12.2126 12.2351 12.2574 12.2802 12.3028 12.3254 12.3473
12.3696 12.3917 12.4144 12.4365 12.4594 12.4816 12.5034 12.5253 12.5477 12.5697
12.5926 12.6153 12.6377 12.6598 12.6824 12.7046 12.7273 12.7493 12.7715 12.7934
12.8159 12.8385 12.8611 12.8834 12.9074 12.9291 12.9517 12.9740 12.9964 13.0181
13.0404 13.0630 13.0856 13.1082 13.1306 13.1528 13.1751 13.1978 13.2205 13.2428
13.2656 13.2878 13.3103 13.3328 13.3549 13.3772 13.3996 13.4222 13.4447 13.4675
13.4897 13.5123 13.5345 13.5568 13.5792 13.6015 13.6234 13.6457 13.6685 13.6912
13.7132 13.7357 13.7584 13.7803 13.8024 13.8248 13.8465 13.8691 13.8916 13.9139
13.9366 13.9587 13.9813 14.0037 14.0261 14.0482 14.0705 14.0920 14.1148 14.1364
14.1582 14.1801 14.2022 14.2235 14.2454 14.2670 14.2886 14.3100 14.3317 14.3527
14.3732 14.3945 14.4158 14.4360 14.4564 14.4769 14.4972 14.5171 14.5371 14.5566
14.5760 14.5951 14.6135 14.6318 14.6524 14.6700 14.6877 14.7047 14.7213 14.7377
14.7535 14.7688 14.7842 14.7990 14.8141 14.8279 14.8420 14.8552 14.8681 14.8805
14.8929 14.9046 14.9164 14.9275 14.9379 14.9478 14.9576 14.9666 14.9753 14.9838
14.9918 14.9996 15.0070 15.0142 15.0211 15.0277 15.0337 15.0392 15.0446 15.0498
15.0546 15.0592 15.0635 15.0676 15.0716 15.0750 15.0783 15.0816 15.0845 15.0873
15.0899 15.0921 15.0942 15.0960 15.0979 15.0995 15.1010 15.1026 15.1039 15.1051
15.1063 15.1073 15.1081 15.1091 15.1100 15.1108 15.1113 15.1119 15.1124 15.1129
15.1133 15.1137 15.1140 15.1142 15.1145 15.1148 15.1149 15.1152 15.1153 15.1155
15.1157 15.1159 15.1160 15.1162 15.1163 15.1164 15.1165 15.1166 15.1167 15.1168
15.1169 15.1169 15.1170 15.1170 15.1171 15.1171 15.1172 15.1172 15.1173 15.1173
15.1174 15.1174 15.1174 15.1175 15.1176 15.1176 15.1177 15.1177 15.1177 
[ L.global ]
0.3327 1 0.0 270.2 0.0 -1.6e-03        VDC Angle, Plane Spacing, Gamma Coefficents
matrix elements
t 0 0 0  -1.001135e+00 -3.313373e-01 -4.290819e-02  4.470852e-03  0.000000e+00  0.000000e+00  0.000000e+00  0
y 0 0 0  -8.060915e-03  1.071977e-03  9.019102e-04 -3.239615e-04  0.000000e+00  0.000000e+00  0.000000e+00  0
p 0 0 0  -2.861912e-03 -2.469069e-03  8.427172e-03  2.274635e-03  0.000000e+00  0.000000e+00  0.000000e+00  0
D 0 0 0  -1.866766e-04  8.370563e-02  9.829436e-03 -6.282155e-04  4.291190e-03  0.000000e+00  0.000000e+00  5
D 1 0 0  -2.120308e-02  2.391071e-01  3.414764e-02 -9.845306e-03  0.000000e+00  0.000000e+00  0.000000e+00  4
D 2 0 0  -7.721246e-01  1.386962e+00  2.141296e+00  0.000000e+00  0.000000e+00  0.000000e+00  0.000000e+00  3
D 0 0 2  -4.330635e-02  4.945579e-01 -2.784833e-01  0.000000e+00  0.000000e+00  0.000000e+00  0.000000e+00  3
D 0 2 0   2.358455e-01  6.669406e-01  1.602542e+00  0.000000e+00  0.000000e+00  0.000000e+00  0.000000e+00  3
D 0 1 1   5.458835e-01  7.157317e-01  0.000000e+00  0.000000e+00  0.000000e+00  0.000000e+00  0.000000e+00  2
D 1 0 2  -2.290800e+01  0.000000e+00  0.000000e+00  0.000000e+00  0.000000e+00  0.000000e+00  0.000000e+00  1
D 1 1 1  -4.928988e+01  2.216568e+01  0.000000e+00  0.000000e+00  0.000000e+00  0.000000e+00  0.000000e+00  2
D 2 0 2  -9.747716e+02  0.000000e+00  0.000000e+00  0.000000e+00  0.000000e+00  0.000000e+00  0.000000e+00  1
D 2 1 1  -1.447878e+03  0.000000e+00  0.000000e+00  0.000000e+00  0.000000e+00  0.000000e+00  0.000000e+00  1
D 3 0 0   3.120222e+01  0.000000e+00  0.000000e+00  0.000000e+00  0.000000e+00  0.000000e+00  0.000000e+00  1
D 1 2 0   2.581996e+01  4.842194e+01  0.000000e+00  0.000000e+00  0.000000e+00  0.000000e+00  0.000000e+00  2
D 4 0 0  -6.888878e+02  0.000000e+00  0.000000e+00  0.000000e+00  0.000000e+00  0.000000e+00  0.000000e+00  1
D 2 2 0   1.223550e+03  0.000000e+00  0.000000e+00  0.000000e+00  0.000000e+00  0.000000e+00  0.000000e+00  1
D 0 1 3   3.183811e+01  0.000000e+00  0.000000e+00  0.000000e+00  0.000000e+00  0.000000e+00  0.000000e+00  1
D 0 0 1   3.501679e-03  0.000000e+00  0.000000e+00  0.000000e+00  0.000000e+00  0.000000e+00  0.000000e+00  1
D 0 1 0  -4.367642e-03  0.000000e+00  0.000000e+00  0.000000e+00  0.000000e+00  0.000000e+00  0.000000e+00  1
T 1 0 0  -2.314350e+00  4.214037e-01 -1.764782e-01 -2.663377e-01  0.000000e+00  0.000000e+00  0.000000e+00  0
T 2 0 0   2.277637e-01  1.134705e+01 -8.932341e+00  0.000000e+00  0.000000e+00  0.000000e+00  0.000000e+00  0
T 1 0 2  -1.043193e+00  9.476089e+01  0.000000e+00  0.000000e+00  0.000000e+00  0.000000e+00  0.000000e+00  0
T 3 0 0   1.105213e+02  1.520826e+02  0.000000e+00  0.000000e+00  0.000000e+00  0.000000e+00  0.000000e+00  0
T 0 0 2   6.710510e-01  2.913183e+00 -4.525830e+00  0.000000e+00  0.000000e+00  0.000000e+00  0.000000e+00  0
T 0 1 1  -5.782061e-01 -1.751089e+00  2.233788e+00  0.000000e+00  0.000000e+00  0.000000e+00  0.000000e+00  0
T 0 2 0  -8.924529e-01  2.722308e+00  0.000000e+00  0.000000e+00  0.000000e+00  0.000000e+00  0.000000e+00  0
T 1 2 0   6.095838e+01  0.000000e+00  0.000000e+00  0.000000e+00  0.000000e+00  0.000000e+00  0.000000e+00  0
T 0 4 0   9.715979e+02  0.000000e+00  0.000000e+00  0.000000e+00  0.000000e+00  0.000000e+00  0.000000e+00  0
T 0 2 2  -8.659010e+02  0.000000e+00  0.000000e+00  0.000000e+00  0.000000e+00  0.000000e+00  0.000000e+00  0
T 1 1 1  -5.452709e+01  0.000000e+00  0.000000e+00  0.000000e+00  0.000000e+00  0.000000e+00  0.000000e+00  0
T 2 0 2  -1.966962e+03  0.000000e+00  0.000000e+00  0.000000e+00  0.000000e+00  0.000000e+00  0.000000e+00  0
T 0 1 3   7.773828e+02  0.000000e+00  0.000000e+00  0.000000e+00  0.000000e+00  0.000000e+00  0.000000e+00  0
T 0 3 1   1.621558e+01  0.000000e+00  0.000000e+00  0.000000e+00  0.000000e+00  0.000000e+00  0.000000e+00  0
T 4 0 0  -1.419643e+04  0.000000e+00  0.000000e+00  0.000000e+00  0.000000e+00  0.000000e+00  0.000000e+00  0
P 0 0 1  -6.236858e-01 -6.466346e-02  2.952651e-01 -5.747772e-01  0.000000e+00  0.000000e+00  0.000000e+00  0
P 0 0 3   9.560933e+00 -1.708867e+01  0.000000e+00  0.000000e+00  0.000000e+00  0.000000e+00  0.000000e+00  0
P 0 1 0  -3.215786e-01  3.082068e-01 -8.039546e-02  2.602149e-01  0.000000e+00  0.000000e+00  0.000000e+00  0
P 0 1 2  -1.665448e+01 -1.545366e+00  0.000000e+00  0.000000e+00  0.000000e+00  0.000000e+00  0.000000e+00  0
P 0 2 1  -4.018884e+00  2.622520e+01  0.000000e+00  0.000000e+00  0.000000e+00  0.000000e+00  0.000000e+00  0
P 0 3 0  -1.806501e+01  8.628014e+00  0.000000e+00  0.000000e+00  0.000000e+00  0.000000e+00  0.000000e+00  0
P 1 0 1   5.588571e+00 -4.118518e-01  7.907703e+00  0.000000e+00  0.000000e+00  0.000000e+00  0.000000e+00  0
P 1 0 3  -4.099923e+02 -2.146256e+03  0.000000e+00  0.000000e+00  0.000000e+00  0.000000e+00  0.000000e+00  0
P 1 1 0   3.131723e+00  1.310948e+00  2.102952e-02  0.000000e+00  0.000000e+00  0.000000e+00  0.000000e+00  0
P 1 1 2  -4.661088e+02  0.000000e+00  0.000000e+00  0.000000e+00  0.000000e+00  0.000000e+00  0.000000e+00  0
P 1 2 1  -5.065149e+02  0.000000e+00  0.000000e+00  0.000000e+00  0.000000e+00  0.000000e+00  0.000000e+00  0
P 1 3 0   3.376229e+01  0.000000e+00  0.000000e+00  0.000000e+00  0.000000e+00  0.000000e+00  0.000000e+00  0
P 2 0 1  -2.897998e+01 -1.437159e+02  0.000000e+00  0.000000e+00  0.000000e+00  0.000000e+00  0.000000e+00  0
P 2 1 0  -1.108533e+02  4.298786e+01  0.000000e+00  0.000000e+00  0.000000e+00  0.000000e+00  0.000000e+00  0
P 3 0 1  -7.201831e+02  0.000000e+00  0.000000e+00  0.000000e+00  0.000000e+00  0.000000e+00  0.000000e+00  0
P 3 1 0  -1.785346e+03  0.000000e+00  0.000000e+00  0.000000e+00  0.000000e+00  0.000000e+00  0.000000e+00  0
P 0 0 0   1.406722e-04  1.409960e-04 -3.132036e-03 -1.094759e-03  0.000000e+00  0.000000e+00  0.000000e+00  0
P 1 0 0  -1.088043e-02  0.000000e+00  0.000000e+00  0.000000e+00  0.000000e+00  0.000000e+00  0.000000e+00  0
P 2 0 0  -2.109502e-02  0.000000e+00  0.000000e+00  0.000000e+00  0.000000e+00  0.000000e+00  0.000000e+00  0
Y 0 0 1   7.697399e-01 -1.237742e+00 -6.363828e-01  2.915294e-01  0.000000e+00  0.000000e+00  0.000000e+00  0
Y 0 0 3   6.579089e+00  5.036337e+01  0.000000e+00  0.000000e+00  0.000000e+00  0.000000e+00  0.000000e+00  0
Y 0 1 0  -1.212283e+00 -7.665945e-01  1.468243e-01 -7.387958e-02  0.000000e+00  0.000000e+00  0.000000e+00  0
Y 0 1 2   3.690691e+01 -5.670801e+01  0.000000e+00  0.000000e+00  0.000000e+00  0.000000e+00  0.000000e+00  0
Y 0 2 1  -6.435145e+00  6.523826e+01  0.000000e+00  0.000000e+00  0.000000e+00  0.000000e+00  0.000000e+00  0
Y 0 3 0   6.610325e+01  2.316494e+01  0.000000e+00  0.000000e+00  0.000000e+00  0.000000e+00  0.000000e+00  0
Y 1 0 1  -2.541615e+00 -6.487397e+00 -2.105763e+00  0.000000e+00  0.000000e+00  0.000000e+00  0.000000e+00  0
Y 1 0 3   8.996841e-01  0.000000e+00  0.000000e+00  0.000000e+00  0.000000e+00  0.000000e+00  0.000000e+00  0
Y 1 1 0  -1.499933e+01 -1.945663e+00 -1.758749e+00  0.000000e+00  0.000000e+00  0.000000e+00  0.000000e+00  0
Y 1 1 2   3.728417e+03  0.000000e+00  0.000000e+00  0.000000e+00  0.000000e+00  0.000000e+00  0.000000e+00  0
Y 1 2 1  -1.440365e+03  0.000000e+00  0.000000e+00  0.000000e+00  0.000000e+00  0.000000e+00  0.000000e+00  0
Y 1 3 0   1.779800e+03  0.000000e+00  0.000000e+00  0.000000e+00  0.000000e+00  0.000000e+00  0.000000e+00  0
Y 2 0 1   4.223730e+02  1.426767e+02  0.000000e+00  0.000000e+00  0.000000e+00  0.000000e+00  0.000000e+00  0
Y 2 1 0   3.472067e+02 -1.352775e+02  0.000000e+00  0.000000e+00  0.000000e+00  0.000000e+00  0.000000e+00  0
Y 3 0 1   5.082739e+03  0.000000e+00  0.000000e+00  0.000000e+00  0.000000e+00  0.000000e+00  0.000000e+00  0
Y 3 1 0   5.259414e+03  0.000000e+00  0.000000e+00  0.000000e+00  0.000000e+00  0.000000e+00  0.000000e+00  0
Y 0 0 0   1.650000e-04  1.195515e-03  5.587958e-03 -4.245201e-03  0.000000e+00  0.000000e+00  0.000000e+00  0
Y 1 0 0  -7.656281e-03  0.000000e+00  0.000000e+00  0.000000e+00  0.000000e+00  0.000000e+00  0.000000e+00  0
Y 2 0 0  -2.213957e-01  0.000000e+00  0.000000e+00  0.000000e+00  0.000000e+00  0.000000e+00  0.000000e+00  0
L 0 0 0 0  25.713
L 1 0 0 0  1.234E-01
L 2 0 0 0  5.034E-01
L 0 1 0 0 -1.025E+01
L 0 2 0 0  3.248E+01
L 0 0 1 0 -1.238E+00
L 0 0 2 0 -4.672E+00
L 0 0 0 1  1.066E+00
L 0 0 0 2  2.013E+01
XF 1 0 0 0 0 -2.181E+00
XF 0 1 0 0 0 -1.980E-01
XF 0 0 0 0 1  1.191E+01
TF 1 0 0 0 0 -1.000E-01
TF 0 1 0 0 0 -4.690E-01
TF 0 0 0 0 1  1.967E+00
PF 0 0 1 0 0  3.630E-01
PF 0 0 0 1 0 -0.902E+00
YF 0 0 1 0 0 -5.950E-01
YF 0 0 0 1 0 -1.274E+00