############ LEFT VDC #########################
No of Crate, Slot, First, Last chans
[ L.vdc.u1 ]
3       7       0      95                  U1: u1cr1, u1sl1, u1cf1, u1cl1
3       8       0      95                  ~~~ u1cr2, u1sl2, u1cf2, u1cl2
3       9       0      95                      u1cr3, u1sl3, u1cf3, u1cl3
3       10       0      79                      u1cr4, u1sl4, u1cf4, u1cl4
0.0  0.77852 -.0042426 -45.0                   z, wbeg, wspac, wangle (m)
49.28e3                                        Drift velocity (m/s)
TDC Offset Values
   1 1828.0    2 1828.0    3 1828.0    4 1828.0    5 1828.0    6 1828.0    7 1828.0    8 1828.0
   9 1828.0   10 1828.0   11 1828.0   12 1828.0   13 1828.0   14 1828.0   15 1828.0   16 1828.0
  17 1824.9   18 1824.9   19 1824.9   20 1824.9   21 1824.9   22 1824.9   23 1824.9   24 1824.9
  25 1824.9   26 1824.9   27 1824.9   28 1824.9   29 1824.9   30 1824.9   31 1824.9   32 1824.9
  33 1826.0   34 1826.0   35 1826.0   36 1826.0   37 1826.0   38 1826.0   39 1826.0   40 1826.0
  41 1826.0   42 1826.0   43 1826.0   44 1826.0   45 1826.0   46 1826.0   47 1826.0   48 1826.0
  49 1823.2   50 1823.2   51 1823.2   52 1823.2   53 1823.2   54 1823.2   55 1823.2   56 1823.2
  57 1823.2   58 1823.2   59 1823.2   60 1823.2   61 1823.2   62 1823.2   63 1823.2   64 1823.2
  65 1824.2   66 1824.2   67 1824.2   68 1824.2   69 1824.2   70 1824.2   71 1824.2   72 1824.2
  73 1824.2   74 1824.2   75 1824.2   76 1824.2   77 1824.2   78 1824.2   79 1824.2   80 1824.2
  81 1824.9   82 1824.9   83 1824.9   84 1824.9   85 1824.9   86 1824.9   87 1824.9   88 1824.9
  89 1824.9   90 1824.9   91 1824.9   92 1824.9   93 1824.9   94 1824.9   95 1824.9   96 1824.9
  97 1829.9   98 1829.9   99 1829.9  100 1829.9  101 1829.9  102 1829.9  103 1829.9  104 1829.9
 105 1829.9  106 1829.9  107 1829.9  108 1829.9  109 1829.9  110 1829.9  111 1829.9  112 1829.9
 113 1828.2  114 1828.2  115 1828.2  116 1828.2  117 1828.2  118 1828.2  119 1828.2  120 1828.2
 121 1828.2  122 1828.2  123 1828.2  124 1828.2  125 1828.2  126 1828.2  127 1828.2  128 1828.2
 129 1828.5  130 1828.5  131 1828.5  132 1828.5  133 1828.5  134 1828.5  135 1828.5  136 1828.5
 137 1828.5  138 1828.5  139 1828.5  140 1828.5  141 1828.5  142 1828.5  143 1828.5  144 1828.5
 145 1825.3  146 1825.3  147 1825.3  148 1825.3  149 1825.3  150 1825.3  151 1825.3  152 1825.3
 153 1825.3  154 1825.3  155 1825.3  156 1825.3  157 1825.3  158 1825.3  159 1825.3  160 1825.3
 161 1824.0  162 1824.0  163 1824.0  164 1824.0  165 1824.0  166 1824.0  167 1824.0  168 1824.0
 169 1824.0  170 1824.0  171 1824.0  172 1824.0  173 1824.0  174 1824.0  175 1824.0  176 1824.0
 177 1824.6  178 1824.6  179 1824.6  180 1824.6  181 1824.6  182 1824.6  183 1824.6  184 1824.6
 185 1824.6  186 1824.6  187 1824.6  188 1824.6  189 1824.6  190 1824.6  191 1824.6  192 1824.6
 193 1832.4  194 1832.4  195 1832.4  196 1832.4  197 1832.4  198 1832.4  199 1832.4  200 1832.4
 201 1832.4  202 1832.4  203 1832.4  204 1832.4  205 1832.4  206 1832.4  207 1832.4  208 1832.4
 209 1828.9  210 1828.9  211 1828.9  212 1828.9  213 1828.9  214 1828.9  215 1828.9  216 1828.9
 217 1828.9  218 1828.9  219 1828.9  220 1828.9  221 1828.9  222 1828.9  223 1828.9  224 1828.9
 225 1830.6  226 1830.6  227 1830.6  228 1830.6  229 1830.6  230 1830.6  231 1830.6  232 1830.6
 233 1830.6  234 1830.6  235 1830.6  236 1830.6  237 1830.6  238 1830.6  239 1830.6  240 1830.6
 241 1827.3  242 1827.3  243 1827.3  244 1827.3  245 1827.3  246 1827.3  247 1827.3  248 1827.3
 249 1827.3  250 1827.3  251 1827.3  252 1827.3  253 1827.3  254 1827.3  255 1827.3  256 1827.3
 257 1832.0  258 1832.0  259 1832.0  260 1832.0  261 1832.0  262 1832.0  263 1832.0  264 1832.0
 265 1832.0  266 1832.0  267 1832.0  268 1832.0  269 1832.0  270 1832.0  271 1832.0  272 1832.0
 273 1832.5  274 1832.5  275 1832.5  276 1832.5  277 1832.5  278 1832.5  279 1832.5  280 1832.5
 281 1832.5  282 1832.5  283 1832.5  284 1832.5  285 1832.5  286 1832.5  287 1832.5  288 1832.5
 289 1833.0  290 1833.0  291 1833.0  292 1833.0  293 1833.0  294 1833.0  295 1833.0  296 1833.0
 297 1833.0  298 1833.0  299 1833.0  300 1833.0  301 1833.0  302 1833.0  303 1833.0  304 1833.0
 305 1832.2  306 1832.2  307 1832.2  308 1832.2  309 1832.2  310 1832.2  311 1832.2  312 1832.2
 313 1832.2  314 1832.2  315 1832.2  316 1832.2  317 1832.2  318 1832.2  319 1832.2  320 1832.2
 321 1833.5  322 1833.5  323 1833.5  324 1833.5  325 1833.5  326 1833.5  327 1833.5  328 1833.5
 329 1833.5  330 1833.5  331 1833.5  332 1833.5  333 1833.5  334 1833.5  335 1833.5  336 1833.5
 337 1833.2  338 1833.2  339 1833.2  340 1833.2  341 1833.2  342 1833.2  343 1833.2  344 1833.2
 345 1833.2  346 1833.2  347 1833.2  348 1833.2  349 1833.2  350 1833.2  351 1833.2  352 1833.2
 353 1834.1  354 1834.1  355 1834.1  356 1834.1  357 1834.1  358 1834.1  359 1834.1  360 1834.1
 361 1834.1  362 1834.1  363 1834.1  364 1834.1  365 1834.1  366 1834.1  367 1834.1  368 1834.1
TTD Lookup Table
-2.350e-08
745
 0.0047  0.0104  0.0171  0.0247  0.0333  0.0430  0.0534  0.0647  0.0771  0.0895
 0.1035  0.1177  0.1336  0.1503  0.1692  0.1895  0.2120  0.2356  0.2628  0.2919
 0.3238  0.3571  0.3934  0.4305  0.4692  0.5094  0.5550  0.5981  0.6427  0.6859
 0.7318  0.7763  0.8221  0.8665  0.9132  0.9580  1.0034  1.0467  1.0922  1.1360
 1.1822  1.2263  1.2721  1.3167  1.3620  1.4060  1.4513  1.4957  1.5404  1.5840
 1.6299  1.6728  1.7178  1.7617  1.8074  1.8515  1.8962  1.9399  1.9847  2.0286
 2.0736  2.1172  2.1622  2.2051  2.2496  2.2923  2.3369  2.3796  2.4231  2.4645
 2.5080  2.5497  2.5920  2.6332  2.6748  2.7150  2.7553  2.7945  2.8341  2.8721
 2.9112  2.9483  2.9862  3.0229  3.0594  3.0942  3.1294  3.1632  3.1974  3.2302
 3.2636  3.2952  3.3265  3.3567  3.3878  3.4181  3.4471  3.4752  3.5038  3.5303
 3.5575  3.5838  3.6105  3.6367  3.6628  3.6884  3.7178  3.7444  3.7717  3.7981
 3.8258  3.8531  3.8813  3.9084  3.9363  3.9632  3.9906  4.0172  4.0447  4.0714
 4.0989  4.1254  4.1528  4.1792  4.2057  4.2313  4.2587  4.2848  4.3114  4.3364
 4.3637  4.3893  4.4153  4.4407  4.4669  4.4915  4.5173  4.5421  4.5679  4.5927
 4.6183  4.6431  4.6685  4.6930  4.7178  4.7419  4.7674  4.7917  4.8168  4.8405
 4.8652  4.8889  4.9133  4.9369  4.9620  4.9862  5.0110  5.0349  5.0593  5.0828
 5.1073  5.1311  5.1554  5.1792  5.2032  5.2266  5.2509  5.2741  5.2980  5.3212
 5.3455  5.3692  5.3935  5.4170  5.4413  5.4651  5.4896  5.5123  5.5367  5.5599
 5.5836  5.6062  5.6299  5.6532  5.6772  5.7001  5.7267  5.7504  5.7738  5.7967
 5.8200  5.8429  5.8661  5.8898  5.9139  5.9368  5.9607  5.9837  6.0070  6.0301
 6.0533  6.0761  6.0989  6.1216  6.1447  6.1670  6.1897  6.2125  6.2352  6.2574
 6.2797  6.3022  6.3251  6.3470  6.3693  6.3911  6.4131  6.4353  6.4580  6.4798
 6.5020  6.5239  6.5460  6.5680  6.5905  6.6128  6.6350  6.6580  6.6810  6.7033
 6.7266  6.7492  6.7721  6.7949  6.8189  6.8426  6.8661  6.8897  6.9135  6.9374
 6.9607  6.9840  7.0076  7.0313  7.0549  7.0785  7.1031  7.1266  7.1509  7.1735
 7.1972  7.2204  7.2445  7.2679  7.2915  7.3148  7.3383  7.3616  7.3858  7.4092
 7.4329  7.4568  7.4801  7.5035  7.5271  7.5505  7.5766  7.5996  7.6222  7.6453
 7.6682  7.6916  7.7146  7.7374  7.7609  7.7843  7.8076  7.8307  7.8543  7.8774
 7.9004  7.9231  7.9469  7.9698  7.9931  8.0164  8.0394  8.0622  8.0849  8.1079
 8.1310  8.1539  8.1770  8.2002  8.2231  8.2466  8.2694  8.2929  8.3160  8.3393
 8.3621  8.3851  8.4079  8.4311  8.4534  8.4767  8.5001  8.5234  8.5462  8.5685
 8.5912  8.6141  8.6371  8.6597  8.6823  8.7047  8.7280  8.7508  8.7731  8.7955
 8.8183  8.8412  8.8642  8.8875  8.9103  8.9331  8.9560  8.9788  9.0017  9.0247
 9.0474  9.0705  9.0937  9.1161  9.1386  9.1607  9.1836  9.2058  9.2280  9.2506
 9.2729  9.2951  9.3177  9.3404  9.3629  9.3854  9.4099  9.4324  9.4547  9.4777
 9.5000  9.5226  9.5445  9.5671  9.5892  9.6117  9.6334  9.6554  9.6774  9.6995
 9.7220  9.7446  9.7666  9.7888  9.8105  9.8332  9.8564  9.8794  9.9017  9.9246
 9.9464  9.9693  9.9917 10.0145 10.0373 10.0598 10.0820 10.1048 10.1274 10.1504
10.1730 10.1960 10.2187 10.2418 10.2639 10.2868 10.3099 10.3334 10.3562 10.3790
10.4018 10.4246 10.4472 10.4705 10.4935 10.5171 10.5392 10.5618 10.5845 10.6078
10.6300 10.6531 10.6755 10.6987 10.7214 10.7439 10.7662 10.7886 10.8107 10.8335
10.8557 10.8787 10.9008 10.9234 10.9457 10.9690 10.9913 11.0141 11.0365 11.0592
11.0813 11.1045 11.1271 11.1500 11.1721 11.1950 11.2191 11.2423 11.2645 11.2873
11.3093 11.3322 11.3544 11.3773 11.3994 11.4229 11.4445 11.4676 11.4897 11.5123
11.5344 11.5574 11.5793 11.6020 11.6240 11.6468 11.6681 11.6905 11.7124 11.7354
11.7576 11.7806 11.8025 11.8252 11.8471 11.8702 11.8925 11.9151 11.9370 11.9597
11.9822 12.0044 12.0264 12.0490 12.0709 12.0934 12.1152 12.1381 12.1601 12.1828
12.2044 12.2271 12.2491 12.2712 12.2934 12.3162 12.3380 12.3604 12.3822 12.4050
12.4271 12.4493 12.4711 12.4938 12.5157 12.5379 12.5598 12.5821 12.6037 12.6260
12.6479 12.6709 12.6922 12.7152 12.7370 12.7591 12.7807 12.8028 12.8254 12.8479
12.8698 12.8916 12.9136 12.9368 12.9589 12.9813 13.0075 13.0303 13.0521 13.0748
13.0964 13.1193 13.1401 13.1630 13.1846 13.2074 13.2288 13.2518 13.2734 13.2960
13.3181 13.3407 13.3626 13.3853 13.4071 13.4295 13.4514 13.4740 13.4955 13.5181
13.5395 13.5624 13.5843 13.6068 13.6287 13.6510 13.6726 13.6956 13.7171 13.7400
13.7615 13.7843 13.8060 13.8287 13.8507 13.8734 13.8952 13.9180 13.9398 13.9622
13.9839 14.0067 14.0276 14.0500 14.0716 14.0936 14.1149 14.1375 14.1586 14.1807
14.2020 14.2239 14.2448 14.2668 14.2876 14.3093 14.3298 14.3521 14.3724 14.3937
14.4140 14.4347 14.4543 14.4748 14.4938 14.5132 14.5318 14.5520 14.5702 14.5893
14.6069 14.6259 14.6435 14.6613 14.6777 14.6952 14.7126 14.7290 14.7442 14.7600
14.7747 14.7896 14.8033 14.8178 14.8307 14.8447 14.8574 14.8702 14.8825 14.8943
14.9054 14.9164 14.9269 14.9376 14.9474 14.9569 14.9660 14.9748 14.9827 14.9908
14.9980 15.0056 15.0122 15.0189 15.0248 15.0312 15.0368 15.0422 15.0473 15.0523
15.0568 15.0610 15.0650 15.0689 15.0724 15.0761 15.0792 15.0822 15.0849 15.0875
15.0898 15.0922 15.0942 15.0962 15.0980 15.0997 15.1012 15.1026 15.1037 15.1049
15.1059 15.1070 15.1078 15.1086 15.1094 15.1101 15.1107 15.1114 15.1118 15.1124
15.1129 15.1132 15.1135 15.1138 15.1141 15.1144 15.1146 15.1149 15.1151 15.1153
15.1155 15.1156 15.1158 15.1160 15.1161 15.1162 15.1163 15.1164 15.1165 15.1166
15.1167 15.1168 15.1169 15.1169 15.1170 15.1171 15.1172 15.1172 15.1173 15.1174
15.1174 15.1175 15.1175 15.1176 15.1176 15.1176 15.1177 15.1177 15.1178 15.1178
15.1179 15.1179 15.1180 
[ L.vdc.v1 ]
3      19       0      95                  V1: v1cr1, v1sl1, v1cf1, v1cl1
3      20       0      95                      v1cr2, v1sl2, v1cf2, v1cl2
3      21       0      95                      v1cr3, v1sl3, v1cf3, v1cl3
3      22       0      79                      v1cr4, v1sl4, v1cf4, v1cl4
0.026  0.77852 -.0042426 45.0                  z, wbeg, wspac, wangle (m)
49.13e3                                        Drift velocity (m/s)
TDC Offset Values
   1 1833.6    2 1833.6    3 1833.6    4 1833.6    5 1833.6    6 1833.6    7 1833.6    8 1833.6
   9 1833.6   10 1833.6   11 1833.6   12 1833.6   13 1833.6   14 1833.6   15 1833.6   16 1833.6
  17 1830.9   18 1830.9   19 1830.9   20 1830.9   21 1830.9   22 1830.9   23 1830.9   24 1830.9
  25 1830.9   26 1830.9   27 1830.9   28 1830.9   29 1830.9   30 1830.9   31 1830.9   32 1830.9
  33 1831.5   34 1831.5   35 1831.5   36 1831.5   37 1831.5   38 1831.5   39 1831.5   40 1831.5
  41 1831.5   42 1831.5   43 1831.5   44 1831.5   45 1831.5   46 1831.5   47 1831.5   48 1831.5
  49 1831.0   50 1831.0   51 1831.0   52 1831.0   53 1831.0   54 1831.0   55 1831.0   56 1831.0
  57 1831.0   58 1831.0   59 1831.0   60 1831.0   61 1831.0   62 1831.0   63 1831.0   64 1831.0
  65 1832.1   66 1832.1   67 1832.1   68 1832.1   69 1832.1   70 1832.1   71 1832.1   72 1832.1
  73 1832.1   74 1832.1   75 1832.1   76 1832.1   77 1832.1   78 1832.1   79 1832.1   80 1832.1
  81 1831.9   82 1831.9   83 1831.9   84 1831.9   85 1831.9   86 1831.9   87 1831.9   88 1831.9
  89 1831.9   90 1831.9   91 1831.9   92 1831.9   93 1831.9   94 1831.9   95 1831.9   96 1831.9
  97 1836.9   98 1836.9   99 1836.9  100 1836.9  101 1836.9  102 1836.9  103 1836.9  104 1836.9
 105 1836.9  106 1836.9  107 1836.9  108 1836.9  109 1836.9  110 1836.9  111 1836.9  112 1836.9
 113 1836.6  114 1836.6  115 1836.6  116 1836.6  117 1836.6  118 1836.6  119 1836.6  120 1836.6
 121 1836.6  122 1836.6  123 1836.6  124 1836.6  125 1836.6  126 1836.6  127 1836.6  128 1836.6
 129 1835.8  130 1835.8  131 1835.8  132 1835.8  133 1835.8  134 1835.8  135 1835.8  136 1835.8
 137 1835.8  138 1835.8  139 1835.8  140 1835.8  141 1835.8  142 1835.8  143 1835.8  144 1835.8
 145 1832.8  146 1832.8  147 1832.8  148 1832.8  149 1832.8  150 1832.8  151 1832.8  152 1832.8
 153 1832.8  154 1832.8  155 1832.8  156 1832.8  157 1832.8  158 1832.8  159 1832.8  160 1832.8
 161 1834.6  162 1834.6  163 1834.6  164 1834.6  165 1834.6  166 1834.6  167 1834.6  168 1834.6
 169 1834.6  170 1834.6  171 1834.6  172 1834.6  173 1834.6  174 1834.6  175 1834.6  176 1834.6
 177 1832.3  178 1832.3  179 1832.3  180 1832.3  181 1832.3  182 1832.3  183 1832.3  184 1832.3
 185 1832.3  186 1832.3  187 1832.3  188 1832.3  189 1832.3  190 1832.3  191 1832.3  192 1832.3
 193 1836.0  194 1836.0  195 1836.0  196 1836.0  197 1836.0  198 1836.0  199 1836.0  200 1836.0
 201 1836.0  202 1836.0  203 1836.0  204 1836.0  205 1836.0  206 1836.0  207 1836.0  208 1836.0
 209 1835.8  210 1835.8  211 1835.8  212 1835.8  213 1835.8  214 1835.8  215 1835.8  216 1835.8
 217 1835.8  218 1835.8  219 1835.8  220 1835.8  221 1835.8  222 1835.8  223 1835.8  224 1835.8
 225 1835.6  226 1835.6  227 1835.6  228 1835.6  229 1835.6  230 1835.6  231 1835.6  232 1835.6
 233 1835.6  234 1835.6  235 1835.6  236 1835.6  237 1835.6  238 1835.6  239 1835.6  240 1835.6
 241 1836.9  242 1836.9  243 1836.9  244 1836.9  245 1836.9  246 1836.9  247 1836.9  248 1836.9
 249 1836.9  250 1836.9  251 1836.9  252 1836.9  253 1836.9  254 1836.9  255 1836.9  256 1836.9
 257 1838.9  258 1838.9  259 1838.9  260 1838.9  261 1838.9  262 1838.9  263 1838.9  264 1838.9
 265 1838.9  266 1838.9  267 1838.9  268 1838.9  269 1838.9  270 1838.9  271 1838.9  272 1838.9
 273 1838.3  274 1838.3  275 1838.3  276 1838.3  277 1838.3  278 1838.3  279 1838.3  280 1838.3
 281 1838.3  282 1838.3  283 1838.3  284 1838.3  285 1838.3  286 1838.3  287 1838.3  288 1838.3
 289 1843.6  290 1843.6  291 1843.6  292 1843.6  293 1843.6  294 1843.6  295 1843.6  296 1843.6
 297 1843.6  298 1843.6  299 1843.6  300 1843.6  301 1843.6  302 1843.6  303 1843.6  304 1843.6
 305 1841.4  306 1841.4  307 1841.4  308 1841.4  309 1841.4  310 1841.4  311 1841.4  312 1841.4
 313 1841.4  314 1841.4  315 1841.4  316 1841.4  317 1841.4  318 1841.4  319 1841.4  320 1841.4
 321 1843.2  322 1843.2  323 1843.2  324 1843.2  325 1843.2  326 1843.2  327 1843.2  328 1843.2
 329 1843.2  330 1843.2  331 1843.2  332 1843.2  333 1843.2  334 1843.2  335 1843.2  336 1843.2
 337 1841.3  338 1841.3  339 1841.3  340 1841.3  341 1841.3  342 1841.3  343 1841.3  344 1841.3
 345 1841.3  346 1841.3  347 1841.3  348 1841.3  349 1841.3  350 1841.3  351 1841.3  352 1841.3
 353 1839.0  354 1839.0  355 1839.0  356 1839.0  357 1839.0  358 1839.0  359 1839.0  360 1839.0
 361 1839.0  362 1839.0  363 1839.0  364 1839.0  365 1839.0  366 1839.0  367 1839.0  368 1839.0
TTD Lookup Table
-2.250e-08
743
 0.0053  0.0112  0.0178  0.0249  0.0331  0.0419  0.0516  0.0622  0.0729  0.0849
 0.0975  0.1103  0.1240  0.1393  0.1558  0.1741  0.1941  0.2164  0.2401  0.2667
 0.2950  0.3263  0.3589  0.3933  0.4354  0.4737  0.5131  0.5538  0.5952  0.6378
 0.6799  0.7225  0.7662  0.8097  0.8530  0.8969  0.9412  0.9849  1.0288  1.0729
 1.1171  1.1624  1.2064  1.2514  1.2958  1.3410  1.3862  1.4309  1.4762  1.5216
 1.5664  1.6105  1.6551  1.7003  1.7447  1.7898  1.8353  1.8807  1.9256  1.9700
 2.0150  2.0601  2.1035  2.1474  2.1912  2.2351  2.2780  2.3205  2.3643  2.4085
 2.4497  2.4909  2.5329  2.5750  2.6161  2.6573  2.6972  2.7370  2.7753  2.8138
 2.8517  2.8893  2.9271  2.9632  2.9993  3.0355  3.0697  3.1034  3.1367  3.1697
 3.2021  3.2338  3.2644  3.2948  3.3238  3.3529  3.3811  3.4089  3.4358  3.4629
 3.4894  3.5159  3.5421  3.5685  3.5967  3.6230  3.6503  3.6765  3.7034  3.7304
 3.7574  3.7849  3.8123  3.8401  3.8677  3.8944  3.9214  3.9483  3.9746  4.0007
 4.0272  4.0545  4.0803  4.1057  4.1318  4.1583  4.1839  4.2099  4.2357  4.2615
 4.2870  4.3121  4.3378  4.3631  4.3875  4.4122  4.4373  4.4626  4.4877  4.5126
 4.5374  4.5629  4.5876  4.6124  4.6370  4.6615  4.6861  4.7103  4.7353  4.7595
 4.7837  4.8082  4.8324  4.8566  4.8801  4.9035  4.9274  4.9514  4.9754  4.9994
 5.0234  5.0471  5.0712  5.0952  5.1189  5.1427  5.1664  5.1900  5.2134  5.2376
 5.2609  5.2845  5.3088  5.3331  5.3566  5.3806  5.4046  5.4288  5.4521  5.4750
 5.4991  5.5229  5.5462  5.5699  5.5972  5.6205  5.6436  5.6669  5.6906  5.7139
 5.7374  5.7603  5.7845  5.8077  5.8311  5.8536  5.8770  5.8992  5.9221  5.9443
 5.9676  5.9905  6.0137  6.0356  6.0587  6.0813  6.1041  6.1258  6.1481  6.1702
 6.1926  6.2147  6.2372  6.2592  6.2816  6.3039  6.3264  6.3487  6.3716  6.3931
 6.4158  6.4378  6.4607  6.4826  6.5054  6.5283  6.5514  6.5737  6.5972  6.6201
 6.6437  6.6664  6.6903  6.7134  6.7370  6.7602  6.7849  6.8080  6.8317  6.8547
 6.8788  6.9027  6.9270  6.9507  6.9744  6.9977  7.0217  7.0450  7.0689  7.0925
 7.1162  7.1390  7.1633  7.1862  7.2097  7.2331  7.2568  7.2798  7.3037  7.3274
 7.3515  7.3749  7.3988  7.4217  7.4479  7.4711  7.4943  7.5177  7.5416  7.5652
 7.5889  7.6122  7.6356  7.6586  7.6820  7.7052  7.7290  7.7519  7.7750  7.7981
 7.8213  7.8446  7.8672  7.8905  7.9140  7.9371  7.9605  7.9831  8.0065  8.0294
 8.0529  8.0760  8.1000  8.1223  8.1452  8.1681  8.1913  8.2139  8.2370  8.2607
 8.2841  8.3071  8.3298  8.3520  8.3757  8.3978  8.4209  8.4432  8.4667  8.4887
 8.5113  8.5342  8.5571  8.5804  8.6033  8.6259  8.6492  8.6720  8.6955  8.7182
 8.7411  8.7640  8.7869  8.8089  8.8320  8.8557  8.8782  8.9007  8.9237  8.9467
 8.9698  8.9918  9.0149  9.0375  9.0603  9.0826  9.1050  9.1279  9.1506  9.1724
 9.1953  9.2174  9.2403  9.2625  9.2879  9.3105  9.3335  9.3559  9.3789  9.4012
 9.4235  9.4456  9.4686  9.4906  9.5133  9.5350  9.5576  9.5801  9.6026  9.6252
 9.6475  9.6703  9.6929  9.7152  9.7380  9.7606  9.7829  9.8055  9.8287  9.8520
 9.8747  9.8970  9.9199  9.9427  9.9660  9.9881 10.0112 10.0344 10.0570 10.0793
10.1022 10.1241 10.1472 10.1691 10.1921 10.2146 10.2374 10.2605 10.2834 10.3059
10.3288 10.3511 10.3744 10.3971 10.4200 10.4425 10.4658 10.4889 10.5117 10.5340
10.5571 10.5799 10.6027 10.6252 10.6487 10.6715 10.6938 10.7164 10.7394 10.7628
10.7861 10.8081 10.8309 10.8535 10.8763 10.8986 10.9220 10.9445 10.9674 10.9899
11.0127 11.0354 11.0582 11.0803 11.1037 11.1266 11.1489 11.1711 11.1942 11.2164
11.2391 11.2614 11.2847 11.3072 11.3298 11.3520 11.3752 11.3973 11.4202 11.4425
11.4655 11.4876 11.5100 11.5318 11.5547 11.5771 11.5999 11.6218 11.6444 11.6664
11.6887 11.7104 11.7332 11.7554 11.7782 11.8002 11.8226 11.8451 11.8679 11.8896
11.9125 11.9347 11.9573 11.9794 12.0022 12.0249 12.0476 12.0696 12.0918 12.1145
12.1368 12.1584 12.1812 12.2034 12.2259 12.2477 12.2706 12.2927 12.3154 12.3375
12.3598 12.3817 12.4039 12.4264 12.4493 12.4714 12.4948 12.5165 12.5390 12.5613
12.5840 12.6057 12.6281 12.6504 12.6729 12.6950 12.7177 12.7397 12.7623 12.7843
12.8066 12.8290 12.8518 12.8739 12.8999 12.9218 12.9447 12.9668 12.9894 13.0112
13.0336 13.0556 13.0785 13.1004 13.1232 13.1450 13.1681 13.1900 13.2127 13.2343
13.2573 13.2794 13.3021 13.3242 13.3471 13.3692 13.3925 13.4148 13.4373 13.4592
13.4816 13.5037 13.5267 13.5487 13.5717 13.5938 13.6168 13.6388 13.6612 13.6832
13.7063 13.7289 13.7514 13.7736 13.7962 13.8189 13.8418 13.8635 13.8859 13.9076
13.9300 13.9517 13.9744 13.9961 14.0186 14.0405 14.0637 14.0852 14.1081 14.1302
14.1527 14.1746 14.1962 14.2177 14.2399 14.2614 14.2833 14.3047 14.3264 14.3477
14.3690 14.3897 14.4107 14.4311 14.4517 14.4716 14.4922 14.5118 14.5316 14.5508
14.5703 14.5891 14.6081 14.6261 14.6460 14.6636 14.6814 14.6985 14.7156 14.7321
14.7487 14.7644 14.7807 14.7954 14.8104 14.8246 14.8386 14.8519 14.8651 14.8777
14.8901 14.9016 14.9132 14.9239 14.9346 14.9447 14.9544 14.9635 14.9727 14.9812
14.9898 14.9978 15.0055 15.0127 15.0195 15.0261 15.0325 15.0385 15.0440 15.0493
15.0547 15.0591 15.0633 15.0674 15.0711 15.0747 15.0780 15.0813 15.0840 15.0865
15.0892 15.0915 15.0938 15.0956 15.0976 15.0994 15.1009 15.1024 15.1037 15.1049
15.1060 15.1070 15.1080 15.1088 15.1097 15.1104 15.1111 15.1115 15.1121 15.1125
15.1130 15.1134 15.1137 15.1141 15.1144 15.1146 15.1149 15.1151 15.1152 15.1155
15.1156 15.1158 15.1159 15.1160 15.1162 15.1163 15.1164 15.1165 15.1166 15.1166
15.1167 15.1168 15.1168 15.1169 15.1169 15.1170 15.1170 15.1171 15.1171 15.1172
15.1173 15.1173 15.1173 15.1174 15.1174 15.1175 15.1175 15.1175 15.1176
[ L.vdc.u2 ]
3      3       0      95                  U2: u2cr1, u2sl1, u2cf1, u2cl1
3      4       0      95                  ~~~ u2cr2, u2sl2, u2cf2, u2cl2
3      5       0      95                      u2cr3, u2sl3, u2cf3, u2cl3
3      6       0      79                      u2cr4, u2sl4, u2cf4, u2cl4
0.3348 1.02718 -.0042426 -45.0                 z, wbeg, wspac, wangle (m)
49.73e3                                        Drift velocity (m/s)
TDC Offset Values
   1 1815.3    2 1815.3    3 1815.3    4 1815.3    5 1815.3    6 1815.3    7 1815.3    8 1815.3
   9 1815.3   10 1815.3   11 1815.3   12 1815.3   13 1815.3   14 1815.3   15 1815.3   16 1815.3
  17 1811.9   18 1811.9   19 1811.9   20 1811.9   21 1811.9   22 1811.9   23 1811.9   24 1811.9
  25 1811.9   26 1811.9   27 1811.9   28 1811.9   29 1811.9   30 1811.9   31 1811.9   32 1811.9
  33 1814.6   34 1814.6   35 1814.6   36 1814.6   37 1814.6   38 1814.6   39 1814.6   40 1814.6
  41 1814.6   42 1814.6   43 1814.6   44 1814.6   45 1814.6   46 1814.6   47 1814.6   48 1814.6
  49 1812.7   50 1812.7   51 1812.7   52 1812.7   53 1812.7   54 1812.7   55 1812.7   56 1812.7
  57 1812.7   58 1812.7   59 1812.7   60 1812.7   61 1812.7   62 1812.7   63 1812.7   64 1812.7
  65 1815.6   66 1815.6   67 1815.6   68 1815.6   69 1815.6   70 1815.6   71 1815.6   72 1815.6
  73 1815.6   74 1815.6   75 1815.6   76 1815.6   77 1815.6   78 1815.6   79 1815.6   80 1815.6
  81 1839.7   82 1839.7   83 1839.7   84 1839.7   85 1839.7   86 1839.7   87 1839.7   88 1839.7
  89 1839.7   90 1839.7   91 1839.7   92 1839.7   93 1839.7   94 1839.7   95 1839.7   96 1839.7
  97 1825.0   98 1825.0   99 1825.0  100 1825.0  101 1825.0  102 1825.0  103 1825.0  104 1825.0
 105 1825.0  106 1825.0  107 1825.0  108 1825.0  109 1825.0  110 1825.0  111 1825.0  112 1825.0
 113 1821.5  114 1821.5  115 1821.5  116 1821.5  117 1821.5  118 1821.5  119 1821.5  120 1821.5
 121 1821.5  122 1821.5  123 1821.5  124 1821.5  125 1821.5  126 1821.5  127 1821.5  128 1821.5
 129 1822.0  130 1822.0  131 1822.0  132 1822.0  133 1822.0  134 1822.0  135 1822.0  136 1822.0
 137 1822.0  138 1822.0  139 1822.0  140 1822.0  141 1822.0  142 1822.0  143 1822.0  144 1822.0
 145 1819.1  146 1819.1  147 1819.1  148 1819.1  149 1819.1  150 1819.1  151 1819.1  152 1819.1
 153 1819.1  154 1819.1  155 1819.1  156 1819.1  157 1819.1  158 1819.1  159 1819.1  160 1819.1
 161 1821.1  162 1821.1  163 1821.1  164 1821.1  165 1821.1  166 1821.1  167 1821.1  168 1821.1
 169 1821.1  170 1821.1  171 1821.1  172 1821.1  173 1821.1  174 1821.1  175 1821.1  176 1821.1
 177 1820.7  178 1820.7  179 1820.7  180 1820.7  181 1820.7  182 1820.7  183 1820.7  184 1820.7
 185 1820.7  186 1820.7  187 1820.7  188 1820.7  189 1820.7  190 1820.7  191 1820.7  192 1820.7
 193 1823.5  194 1823.5  195 1823.5  196 1823.5  197 1823.5  198 1823.5  199 1823.5  200 1823.5
 201 1823.5  202 1823.5  203 1823.5  204 1823.5  205 1823.5  206 1823.5  207 1823.5  208 1823.5
 209 1823.6  210 1823.6  211 1823.6  212 1823.6  213 1823.6  214 1823.6  215 1823.6  216 1823.6
 217 1823.6  218 1823.6  219 1823.6  220 1823.6  221 1823.6  222 1823.6  223 1823.6  224 1823.6
 225 1825.1  226 1825.1  227 1825.1  228 1825.1  229 1825.1  230 1825.1  231 1825.1  232 1825.1
 233 1825.1  234 1825.1  235 1825.1  236 1825.1  237 1825.1  238 1825.1  239 1825.1  240 1825.1
 241 1824.0  242 1824.0  243 1824.0  244 1824.0  245 1824.0  246 1824.0  247 1824.0  248 1824.0
 249 1824.0  250 1824.0  251 1824.0  252 1824.0  253 1824.0  254 1824.0  255 1824.0  256 1824.0
 257 1823.5  258 1823.5  259 1823.5  260 1823.5  261 1823.5  262 1823.5  263 1823.5  264 1823.5
 265 1823.5  266 1823.5  267 1823.5  268 1823.5  269 1823.5  270 1823.5  271 1823.5  272 1823.5
 273 1822.8  274 1822.8  275 1822.8  276 1822.8  277 1822.8  278 1822.8  279 1822.8  280 1822.8
 281 1822.8  282 1822.8  283 1822.8  284 1822.8  285 1822.8  286 1822.8  287 1822.8  288 1822.8
 289 1831.8  290 1831.8  291 1831.8  292 1831.8  293 1831.8  294 1831.8  295 1831.8  296 1831.8
 297 1831.8  298 1831.8  299 1831.8  300 1831.8  301 1831.8  302 1831.8  303 1831.8  304 1831.8
 305 1827.5  306 1827.5  307 1827.5  308 1827.5  309 1827.5  310 1827.5  311 1827.5  312 1827.5
 313 1827.5  314 1827.5  315 1827.5  316 1827.5  317 1827.5  318 1827.5  319 1827.5  320 1827.5
 321 1828.8  322 1828.8  323 1828.8  324 1828.8  325 1828.8  326 1828.8  327 1828.8  328 1828.8
 329 1828.8  330 1828.8  331 1828.8  332 1828.8  333 1828.8  334 1828.8  335 1828.8  336 1828.8
 337 1828.2  338 1828.2  339 1828.2  340 1828.2  341 1828.2  342 1828.2  343 1828.2  344 1828.2
 345 1828.2  346 1828.2  347 1828.2  348 1828.2  349 1828.2  350 1828.2  351 1828.2  352 1828.2
 353 1828.3  354 1828.3  355 1828.3  356 1828.3  357 1828.3  358 1828.3  359 1828.3  360 1828.3
 361 1828.3  362 1828.3  363 1828.3  364 1828.3  365 1828.3  366 1828.3  367 1828.3  368 1828.3
TTD Lookup Table
-2.300e-08
744
 0.0048  0.0107  0.0175  0.0248  0.0332  0.0427  0.0526  0.0634  0.0747  0.0868
 0.1004  0.1144  0.1301  0.1474  0.1666  0.1887  0.2123  0.2389  0.2677  0.2997
 0.3329  0.3689  0.4063  0.4458  0.4865  0.5311  0.5735  0.6174  0.6610  0.7053
 0.7500  0.7948  0.8393  0.8844  0.9294  0.9738  1.0184  1.0627  1.1075  1.1515
 1.1969  1.2417  1.2856  1.3311  1.3757  1.4208  1.4655  1.5104  1.5548  1.5998
 1.6448  1.6897  1.7343  1.7794  1.8237  1.8675  1.9111  1.9556  1.9992  2.0429
 2.0861  2.1305  2.1734  2.2175  2.2604  2.3044  2.3475  2.3907  2.4336  2.4768
 2.5191  2.5617  2.6031  2.6447  2.6847  2.7253  2.7644  2.8045  2.8434  2.8823
 2.9201  2.9576  2.9949  3.0316  3.0666  3.1020  3.1367  3.1709  3.2039  3.2365
 3.2680  3.2992  3.3300  3.3600  3.3890  3.4178  3.4459  3.4731  3.4999  3.5271
 3.5530  3.5784  3.6049  3.6311  3.6572  3.6874  3.7143  3.7419  3.7689  3.7962
 3.8234  3.8508  3.8785  3.9059  3.9334  3.9599  3.9869  4.0138  4.0410  4.0678
 4.0945  4.1217  4.1483  4.1749  4.2012  4.2270  4.2533  4.2792  4.3051  4.3309
 4.3563  4.3818  4.4070  4.4323  4.4577  4.4831  4.5078  4.5334  4.5582  4.5831
 4.6077  4.6325  4.6574  4.6820  4.7065  4.7309  4.7554  4.7800  4.8043  4.8288
 4.8540  4.8782  4.9028  4.9269  4.9511  4.9751  4.9993  5.0234  5.0478  5.0716
 5.0949  5.1188  5.1426  5.1662  5.1899  5.2137  5.2376  5.2619  5.2856  5.3093
 5.3332  5.3568  5.3801  5.4037  5.4272  5.4507  5.4745  5.4979  5.5217  5.5449
 5.5685  5.5927  5.6164  5.6395  5.6626  5.6886  5.7126  5.7360  5.7594  5.7822
 5.8055  5.8284  5.8511  5.8745  5.8981  5.9214  5.9440  5.9676  5.9910  6.0148
 6.0374  6.0602  6.0833  6.1067  6.1292  6.1523  6.1752  6.1975  6.2199  6.2430
 6.2658  6.2873  6.3090  6.3311  6.3539  6.3754  6.3976  6.4189  6.4412  6.4631
 6.4847  6.5067  6.5289  6.5513  6.5733  6.5955  6.6183  6.6408  6.6633  6.6857
 6.7084  6.7317  6.7547  6.7785  6.8020  6.8256  6.8488  6.8723  6.8964  6.9197
 6.9437  6.9678  6.9917  7.0149  7.0386  7.0625  7.0869  7.1107  7.1344  7.1585
 7.1827  7.2059  7.2293  7.2534  7.2773  7.3009  7.3241  7.3477  7.3711  7.3951
 7.4187  7.4423  7.4658  7.4894  7.5120  7.5365  7.5596  7.5825  7.6063  7.6297
 7.6528  7.6759  7.6983  7.7212  7.7439  7.7675  7.7905  7.8137  7.8368  7.8598
 7.8829  7.9057  7.9290  7.9526  7.9751  7.9981  8.0214  8.0442  8.0668  8.0900
 8.1133  8.1353  8.1585  8.1815  8.2044  8.2270  8.2498  8.2730  8.2957  8.3188
 8.3416  8.3648  8.3876  8.4106  8.4337  8.4565  8.4790  8.5022  8.5245  8.5470
 8.5701  8.5925  8.6147  8.6372  8.6603  8.6828  8.7059  8.7289  8.7519  8.7743
 8.7972  8.8203  8.8433  8.8661  8.8890  8.9121  8.9343  8.9568  8.9799  9.0026
 9.0255  9.0482  9.0704  9.0930  9.1155  9.1386  9.1608  9.1830  9.2055  9.2285
 9.2513  9.2734  9.2961  9.3185  9.3403  9.3632  9.3857  9.4081  9.4307  9.4530
 9.4755  9.4980  9.5205  9.5426  9.5654  9.5881  9.6103  9.6326  9.6550  9.6774
 9.7001  9.7221  9.7443  9.7671  9.7898  9.8125  9.8349  9.8572  9.8794  9.9018
 9.9251  9.9473  9.9701  9.9935 10.0170 10.0396 10.0618 10.0845 10.1073 10.1301
10.1522 10.1753 10.1975 10.2202 10.2427 10.2653 10.2881 10.3105 10.3333 10.3552
10.3778 10.4009 10.4238 10.4464 10.4696 10.4924 10.5154 10.5383 10.5611 10.5837
10.6064 10.6288 10.6514 10.6739 10.6964 10.7192 10.7416 10.7644 10.7873 10.8100
10.8328 10.8552 10.8775 10.9003 10.9229 10.9458 10.9684 10.9907 11.0134 11.0358
11.0590 11.0817 11.1046 11.1271 11.1497 11.1747 11.1968 11.2189 11.2413 11.2640
11.2871 11.3094 11.3317 11.3546 11.3773 11.3998 11.4221 11.4450 11.4680 11.4902
11.5126 11.5349 11.5577 11.5801 11.6022 11.6246 11.6468 11.6688 11.6913 11.7139
11.7368 11.7589 11.7811 11.8035 11.8259 11.8483 11.8706 11.8929 11.9157 11.9385
11.9610 11.9836 12.0059 12.0281 12.0502 12.0726 12.0954 12.1174 12.1400 12.1624
12.1846 12.2068 12.2289 12.2513 12.2732 12.2958 12.3176 12.3398 12.3619 12.3839
12.4053 12.4278 12.4503 12.4727 12.4945 12.5164 12.5385 12.5610 12.5826 12.6045
12.6264 12.6487 12.6712 12.6932 12.7148 12.7365 12.7585 12.7803 12.8026 12.8241
12.8472 12.8698 12.8921 12.9143 12.9365 12.9604 12.9833 13.0058 13.0283 13.0508
13.0729 13.0950 13.1175 13.1395 13.1620 13.1845 13.2070 13.2293 13.2515 13.2741
13.2962 13.3186 13.3406 13.3631 13.3856 13.4082 13.4306 13.4534 13.4750 13.4978
13.5199 13.5419 13.5642 13.5861 13.6084 13.6310 13.6536 13.6758 13.6978 13.7204
13.7426 13.7651 13.7877 13.8101 13.8317 13.8539 13.8763 13.8987 13.9209 13.9432
13.9652 13.9865 14.0085 14.0306 14.0523 14.0748 14.0969 14.1192 14.1410 14.1626
14.1844 14.2060 14.2277 14.2496 14.2708 14.2925 14.3139 14.3353 14.3567 14.3776
14.3981 14.4187 14.4397 14.4606 14.4807 14.5005 14.5213 14.5410 14.5605 14.5801
14.5991 14.6178 14.6366 14.6547 14.6725 14.6915 14.7081 14.7249 14.7411 14.7569
14.7723 14.7876 14.8022 14.8165 14.8305 14.8446 14.8579 14.8709 14.8833 14.8951
14.9069 14.9183 14.9288 14.9391 14.9490 14.9588 14.9678 14.9763 14.9850 14.9931
15.0009 15.0084 15.0152 15.0217 15.0281 15.0342 15.0400 15.0454 15.0503 15.0550
15.0595 15.0638 15.0680 15.0714 15.0748 15.0781 15.0812 15.0839 15.0866 15.0890
15.0915 15.0937 15.0956 15.0975 15.0993 15.1008 15.1024 15.1038 15.1049 15.1060
15.1070 15.1079 15.1087 15.1094 15.1101 15.1108 15.1114 15.1118 15.1124 15.1128
15.1132 15.1136 15.1138 15.1141 15.1144 15.1147 15.1149 15.1151 15.1153 15.1155
15.1156 15.1157 15.1159 15.1160 15.1161 15.1162 15.1163 15.1164 15.1165 15.1166
15.1167 15.1167 15.1168 15.1169 15.1170 15.1171 15.1171 15.1172 15.1172 15.1173
15.1174 15.1174 15.1175 15.1175 15.1176 15.1176 15.1177 15.1177 15.1178 15.1178
15.1178 
[ L.vdc.v2 ]
3      11       0      95                  V2: v2cr1, v2sl1, v2cf1, v2cl1
3      16       0      95                  ~~~ v2cr2, v2sl2, v2cf2, v2cl
3      17       0      95                      v2cr3, v2sl3, v2cf3, v2cl3
3      18       0      79                      v2cr4, v2sl4, v2cf4, v2cl4
0.3609 1.02718 -.0042426 45.0                  z, wbeg, wspac, wangle       
49.19e3                                        Drift velocity (m/s)
TDC Offset Values   
   1 1823.9    2 1823.9    3 1823.9    4 1823.9    5 1823.9    6 1823.9    7 1823.9    8 1823.9
   9 1823.9   10 1823.9   11 1823.9   12 1823.9   13 1823.9   14 1823.9   15 1823.9   16 1823.9
  17 1822.4   18 1822.4   19 1822.4   20 1822.4   21 1822.4   22 1822.4   23 1822.4   24 1822.4
  25 1822.4   26 1822.4   27 1822.4   28 1822.4   29 1822.4   30 1822.4   31 1822.4   32 1822.4
  33 1821.5   34 1821.5   35 1821.5   36 1821.5   37 1821.5   38 1821.5   39 1821.5   40 1821.5
  41 1821.5   42 1821.5   43 1821.5   44 1821.5   45 1821.5   46 1821.5   47 1821.5   48 1821.5
  49 1819.4   50 1819.4   51 1819.4   52 1819.4   53 1819.4   54 1819.4   55 1819.4   56 1819.4
  57 1819.4   58 1819.4   59 1819.4   60 1819.4   61 1819.4   62 1819.4   63 1819.4   64 1819.4
  65 1823.5   66 1823.5   67 1823.5   68 1823.5   69 1823.5   70 1823.5   71 1823.5   72 1823.5
  73 1823.5   74 1823.5   75 1823.5   76 1823.5   77 1823.5   78 1823.5   79 1823.5   80 1823.5
  81 1821.3   82 1821.3   83 1821.3   84 1821.3   85 1821.3   86 1821.3   87 1821.3   88 1821.3
  89 1821.3   90 1821.3   91 1821.3   92 1821.3   93 1821.3   94 1821.3   95 1821.3   96 1821.3
  97 1831.9   98 1831.9   99 1831.9  100 1831.9  101 1831.9  102 1831.9  103 1831.9  104 1831.9
 105 1831.9  106 1831.9  107 1831.9  108 1831.9  109 1831.9  110 1831.9  111 1831.9  112 1831.9
 113 1829.2  114 1829.2  115 1829.2  116 1829.2  117 1829.2  118 1829.2  119 1829.2  120 1829.2
 121 1829.2  122 1829.2  123 1829.2  124 1829.2  125 1829.2  126 1829.2  127 1829.2  128 1829.2
 129 1828.9  130 1828.9  131 1828.9  132 1828.9  133 1828.9  134 1828.9  135 1828.9  136 1828.9
 137 1828.9  138 1828.9  139 1828.9  140 1828.9  141 1828.9  142 1828.9  143 1828.9  144 1828.9
 145 1825.1  146 1825.1  147 1825.1  148 1825.1  149 1825.1  150 1825.1  151 1825.1  152 1825.1
 153 1825.1  154 1825.1  155 1825.1  156 1825.1  157 1825.1  158 1825.1  159 1825.1  160 1825.1
 161 1828.2  162 1828.2  163 1828.2  164 1828.2  165 1828.2  166 1828.2  167 1828.2  168 1828.2
 169 1828.2  170 1828.2  171 1828.2  172 1828.2  173 1828.2  174 1828.2  175 1828.2  176 1828.2
 177 1825.0  178 1825.0  179 1825.0  180 1825.0  181 1825.0  182 1825.0  183 1825.0  184 1825.0
 185 1825.0  186 1825.0  187 1825.0  188 1825.0  189 1825.0  190 1825.0  191 1825.0  192 1825.0
 193 1832.1  194 1832.1  195 1832.1  196 1832.1  197 1832.1  198 1832.1  199 1832.1  200 1832.1
 201 1832.1  202 1832.1  203 1832.1  204 1832.1  205 1832.1  206 1832.1  207 1832.1  208 1832.1
 209 1830.1  210 1830.1  211 1830.1  212 1830.1  213 1830.1  214 1830.1  215 1830.1  216 1830.1
 217 1830.1  218 1830.1  219 1830.1  220 1830.1  221 1830.1  222 1830.1  223 1830.1  224 1830.1
 225 1830.4  226 1830.4  227 1830.4  228 1830.4  229 1830.4  230 1830.4  231 1830.4  232 1830.4
 233 1830.4  234 1830.4  235 1830.4  236 1830.4  237 1830.4  238 1830.4  239 1830.4  240 1830.4
 241 1830.6  242 1830.6  243 1830.6  244 1830.6  245 1830.6  246 1830.6  247 1830.6  248 1830.6
 249 1830.6  250 1830.6  251 1830.6  252 1830.6  253 1830.6  254 1830.6  255 1830.6  256 1830.6
 257 1830.6  258 1830.6  259 1830.6  260 1830.6  261 1830.6  262 1830.6  263 1830.6  264 1830.6
 265 1830.6  266 1830.6  267 1830.6  268 1830.6  269 1830.6  270 1830.6  271 1830.6  272 1830.6
 273 1829.9  274 1829.9  275 1829.9  276 1829.9  277 1829.9  278 1829.9  279 1829.9  280 1829.9
 281 1829.9  282 1829.9  283 1829.9  284 1829.9  285 1829.9  286 1829.9  287 1829.9  288 1829.9
 289 1837.1  290 1837.1  291 1837.1  292 1837.1  293 1837.1  294 1837.1  295 1837.1  296 1837.1
 297 1837.1  298 1837.1  299 1837.1  300 1837.1  301 1837.1  302 1837.1  303 1837.1  304 1837.1
 305 1835.1  306 1835.1  307 1835.1  308 1835.1  309 1835.1  310 1835.1  311 1835.1  312 1835.1
 313 1835.1  314 1835.1  315 1835.1  316 1835.1  317 1835.1  318 1835.1  319 1835.1  320 1835.1
 321 1837.0  322 1837.0  323 1837.0  324 1837.0  325 1837.0  326 1837.0  327 1837.0  328 1837.0
 329 1837.0  330 1837.0  331 1837.0  332 1837.0  333 1837.0  334 1837.0  335 1837.0  336 1837.0
 337 1837.6  338 1837.6  339 1837.6  340 1837.6  341 1837.6  342 1837.6  343 1837.6  344 1837.6
 345 1837.6  346 1837.6  347 1837.6  348 1837.6  349 1837.6  350 1837.6  351 1837.6  352 1837.6
 353 1835.7  354 1835.7  355 1835.7  356 1835.7  357 1835.7  358 1835.7  359 1835.7  360 1835.7
 361 1835.7  362 1835.7  363 1835.7  364 1835.7  365 1835.7  366 1835.7  367 1835.7  368 1835.7
TTD Lookup Table
-2.250e-08
743
 0.0051  0.0111  0.0178  0.0253  0.0331  0.0421  0.0520  0.0623  0.0735  0.0859
 0.0989  0.1130  0.1283  0.1451  0.1639  0.1840  0.2071  0.2312  0.2574  0.2857
 0.3167  0.3500  0.3848  0.4208  0.4649  0.5041  0.5445  0.5852  0.6271  0.6688
 0.7114  0.7547  0.7976  0.8412  0.8844  0.9288  0.9729  1.0168  1.0610  1.1067
 1.1514  1.1955  1.2400  1.2844  1.3290  1.3733  1.4181  1.4630  1.5076  1.5526
 1.5970  1.6413  1.6854  1.7296  1.7746  1.8192  1.8642  1.9084  1.9526  1.9969
 2.0409  2.0850  2.1294  2.1732  2.2168  2.2604  2.3039  2.3471  2.3903  2.4327
 2.4748  2.5165  2.5576  2.5992  2.6402  2.6799  2.7196  2.7583  2.7965  2.8361
 2.8744  2.9117  2.9488  2.9847  3.0198  3.0549  3.0890  3.1226  3.1559  3.1879
 3.2197  3.2505  3.2802  3.3096  3.3392  3.3671  3.3954  3.4229  3.4495  3.4759
 3.5022  3.5281  3.5542  3.5807  3.6091  3.6354  3.6623  3.6895  3.7166  3.7434
 3.7699  3.7971  3.8236  3.8507  3.8778  3.9049  3.9315  3.9580  3.9847  4.0122
 4.0388  4.0648  4.0907  4.1169  4.1426  4.1687  4.1950  4.2210  4.2468  4.2721
 4.2974  4.3222  4.3474  4.3726  4.3975  4.4230  4.4486  4.4736  4.4987  4.5238
 4.5490  4.5736  4.5982  4.6230  4.6478  4.6719  4.6965  4.7214  4.7459  4.7704
 4.7947  4.8189  4.8429  4.8672  4.8913  4.9152  4.9394  4.9635  4.9873  5.0120
 5.0356  5.0595  5.0833  5.1069  5.1307  5.1537  5.1774  5.2010  5.2248  5.2483
 5.2718  5.2954  5.3192  5.3427  5.3662  5.3899  5.4133  5.4369  5.4602  5.4832
 5.5068  5.5302  5.5533  5.5770  5.6014  5.6252  5.6482  5.6722  5.6958  5.7189
 5.7425  5.7655  5.7892  5.8131  5.8366  5.8601  5.8835  5.9065  5.9290  5.9516
 5.9748  5.9971  6.0196  6.0422  6.0648  6.0873  6.1091  6.1312  6.1533  6.1751
 6.1978  6.2201  6.2432  6.2658  6.2878  6.3096  6.3320  6.3543  6.3765  6.3983
 6.4213  6.4435  6.4664  6.4893  6.5128  6.5360  6.5591  6.5823  6.6055  6.6292
 6.6518  6.6752  6.6987  6.7215  6.7449  6.7683  6.7919  6.8153  6.8388  6.8625
 6.8861  6.9104  6.9343  6.9580  6.9821  7.0055  7.0291  7.0532  7.0770  7.1006
 7.1243  7.1478  7.1715  7.1946  7.2179  7.2412  7.2648  7.2879  7.3116  7.3351
 7.3589  7.3823  7.4057  7.4287  7.4554  7.4785  7.5018  7.5251  7.5482  7.5719
 7.5953  7.6181  7.6419  7.6649  7.6885  7.7117  7.7354  7.7581  7.7818  7.8051
 7.8286  7.8518  7.8750  7.8976  7.9208  7.9435  7.9666  7.9894  8.0123  8.0352
 8.0586  8.0808  8.1045  8.1279  8.1507  8.1736  8.1968  8.2194  8.2423  8.2657
 8.2889  8.3116  8.3342  8.3577  8.3805  8.4033  8.4265  8.4489  8.4718  8.4948
 8.5172  8.5404  8.5633  8.5861  8.6093  8.6317  8.6549  8.6775  8.7015  8.7241
 8.7472  8.7698  8.7923  8.8150  8.8379  8.8608  8.8838  8.9059  8.9285  8.9509
 8.9736  8.9968  9.0199  9.0421  9.0651  9.0875  9.1099  9.1317  9.1545  9.1770
 9.1999  9.2219  9.2445  9.2669  9.2927  9.3146  9.3373  9.3600  9.3819  9.4047
 9.4271  9.4494  9.4725  9.4955  9.5180  9.5404  9.5633  9.5858  9.6083  9.6306
 9.6532  9.6760  9.6992  9.7217  9.7443  9.7671  9.7907  9.8132  9.8364  9.8593
 9.8822  9.9048  9.9274  9.9499  9.9732  9.9961 10.0194 10.0421 10.0651 10.0879
10.1107 10.1336 10.1565 10.1789 10.2024 10.2246 10.2475 10.2697 10.2929 10.3155
10.3383 10.3609 10.3836 10.4056 10.4285 10.4510 10.4743 10.4973 10.5209 10.5433
10.5662 10.5889 10.6114 10.6339 10.6563 10.6784 10.7021 10.7250 10.7479 10.7706
10.7936 10.8164 10.8392 10.8615 10.8842 10.9064 10.9295 10.9521 10.9745 10.9971
11.0198 11.0420 11.0650 11.0872 11.1115 11.1336 11.1557 11.1784 11.2011 11.2233
11.2457 11.2680 11.2907 11.3129 11.3358 11.3583 11.3821 11.4044 11.4266 11.4491
11.4715 11.4937 11.5164 11.5390 11.5617 11.5843 11.6064 11.6286 11.6516 11.6740
11.6969 11.7198 11.7416 11.7635 11.7865 11.8089 11.8313 11.8539 11.8769 11.8995
11.9215 11.9435 11.9663 11.9887 12.0117 12.0340 12.0567 12.0790 12.1018 12.1241
12.1461 12.1679 12.1903 12.2126 12.2351 12.2574 12.2802 12.3028 12.3254 12.3473
12.3696 12.3917 12.4144 12.4365 12.4594 12.4816 12.5034 12.5253 12.5477 12.5697
12.5926 12.6153 12.6377 12.6598 12.6824 12.7046 12.7273 12.7493 12.7715 12.7934
12.8159 12.8385 12.8611 12.8834 12.9074 12.9291 12.9517 12.9740 12.9964 13.0181
13.0404 13.0630 13.0856 13.1082 13.1306 13.1528 13.1751 13.1978 13.2205 13.2428
13.2656 13.2878 13.3103 13.3328 13.3549 13.3772 13.3996 13.4222 13.4447 13.4675
13.4897 13.5123 13.5345 13.5568 13.5792 13.6015 13.6234 13.6457 13.6685 13.6912
13.7132 13.7357 13.7584 13.7803 13.8024 13.8248 13.8465 13.8691 13.8916 13.9139
13.9366 13.9587 13.9813 14.0037 14.0261 14.0482 14.0705 14.0920 14.1148 14.1364
14.1582 14.1801 14.2022 14.2235 14.2454 14.2670 14.2886 14.3100 14.3317 14.3527
14.3732 14.3945 14.4158 14.4360 14.4564 14.4769 14.4972 14.5171 14.5371 14.5566
14.5760 14.5951 14.6135 14.6318 14.6524 14.6700 14.6877 14.7047 14.7213 14.7377
14.7535 14.7688 14.7842 14.7990 14.8141 14.8279 14.8420 14.8552 14.8681 14.8805
14.8929 14.9046 14.9164 14.9275 14.9379 14.9478 14.9576 14.9666 14.9753 14.9838
14.9918 14.9996 15.0070 15.0142 15.0211 15.0277 15.0337 15.0392 15.0446 15.0498
15.0546 15.0592 15.0635 15.0676 15.0716 15.0750 15.0783 15.0816 15.0845 15.0873
15.0899 15.0921 15.0942 15.0960 15.0979 15.0995 15.1010 15.1026 15.1039 15.1051
15.1063 15.1073 15.1081 15.1091 15.1100 15.1108 15.1113 15.1119 15.1124 15.1129
15.1133 15.1137 15.1140 15.1142 15.1145 15.1148 15.1149 15.1152 15.1153 15.1155
15.1157 15.1159 15.1160 15.1162 15.1163 15.1164 15.1165 15.1166 15.1167 15.1168
15.1169 15.1169 15.1170 15.1170 15.1171 15.1171 15.1172 15.1172 15.1173 15.1173
15.1174 15.1174 15.1174 15.1175 15.1176 15.1176 15.1177 15.1177 15.1177 
[ L.global ]
0.3327 1 0.0 270.2 0.0 -1.6e-03        VDC Angle, Plane Spacing, Gamma Coefficents
matrix elements
t 0 0 0  -1.001135e+00 -3.313373e-01 -4.290819e-02  4.470852e-03  0.000000e+00  0.000000e+00  0.000000e+00  0
y 0 0 0  -8.060915e-03  1.071977e-03  9.019102e-04 -3.239615e-04  0.000000e+00  0.000000e+00  0.000000e+00  0
p 0 0 0  -2.861912e-03 -2.469069e-03  8.427172e-03  2.274635e-03  0.000000e+00  0.000000e+00  0.000000e+00  0
D 0 0 0  -1.866766e-04  8.370563e-02  9.829436e-03 -6.282155e-04  4.291190e-03  0.000000e+00  0.000000e+00  5
D 1 0 0  -2.120308e-02  2.391071e-01  3.414764e-02 -9.845306e-03  0.000000e+00  0.000000e+00  0.000000e+00  4
D 2 0 0  -7.721246e-01  1.386962e+00  2.141296e+00  0.000000e+00  0.000000e+00  0.000000e+00  0.000000e+00  3
D 0 0 2  -4.330635e-02  4.945579e-01 -2.784833e-01  0.000000e+00  0.000000e+00  0.000000e+00  0.000000e+00  3
D 0 2 0   2.358455e-01  6.669406e-01  1.602542e+00  0.000000e+00  0.000000e+00  0.000000e+00  0.000000e+00  3
D 0 1 1   5.458835e-01  7.157317e-01  0.000000e+00  0.000000e+00  0.000000e+00  0.000000e+00  0.000000e+00  2
D 1 0 2  -2.290800e+01  0.000000e+00  0.000000e+00  0.000000e+00  0.000000e+00  0.000000e+00  0.000000e+00  1
D 1 1 1  -4.928988e+01  2.216568e+01  0.000000e+00  0.000000e+00  0.000000e+00  0.000000e+00  0.000000e+00  2
D 2 0 2  -9.747716e+02  0.000000e+00  0.000000e+00  0.000000e+00  0.000000e+00  0.000000e+00  0.000000e+00  1
D 2 1 1  -1.447878e+03  0.000000e+00  0.000000e+00  0.000000e+00  0.000000e+00  0.000000e+00  0.000000e+00  1
D 3 0 0   3.120222e+01  0.000000e+00  0.000000e+00  0.000000e+00  0.000000e+00  0.000000e+00  0.000000e+00  1
D 1 2 0   2.581996e+01  4.842194e+01  0.000000e+00  0.000000e+00  0.000000e+00  0.000000e+00  0.000000e+00  2
D 4 0 0  -6.888878e+02  0.000000e+00  0.000000e+00  0.000000e+00  0.000000e+00  0.000000e+00  0.000000e+00  1
D 2 2 0   1.223550e+03  0.000000e+00  0.000000e+00  0.000000e+00  0.000000e+00  0.000000e+00  0.000000e+00  1
D 0 1 3   3.183811e+01  0.000000e+00  0.000000e+00  0.000000e+00  0.000000e+00  0.000000e+00  0.000000e+00  1
D 0 0 1   3.501679e-03  0.000000e+00  0.000000e+00  0.000000e+00  0.000000e+00  0.000000e+00  0.000000e+00  1
D 0 1 0  -4.367642e-03  0.000000e+00  0.000000e+00  0.000000e+00  0.000000e+00  0.000000e+00  0.000000e+00  1
T 1 0 0  -2.314350e+00  4.214037e-01 -1.764782e-01 -2.663377e-01  0.000000e+00  0.000000e+00  0.000000e+00  0
T 2 0 0   2.277637e-01  1.134705e+01 -8.932341e+00  0.000000e+00  0.000000e+00  0.000000e+00  0.000000e+00  0
T 1 0 2  -1.043193e+00  9.476089e+01  0.000000e+00  0.000000e+00  0.000000e+00  0.000000e+00  0.000000e+00  0
T 3 0 0   1.105213e+02  1.520826e+02  0.000000e+00  0.000000e+00  0.000000e+00  0.000000e+00  0.000000e+00  0
T 0 0 2   6.710510e-01  2.913183e+00 -4.525830e+00  0.000000e+00  0.000000e+00  0.000000e+00  0.000000e+00  0
T 0 1 1  -5.782061e-01 -1.751089e+00  2.233788e+00  0.000000e+00  0.000000e+00  0.000000e+00  0.000000e+00  0
T 0 2 0  -8.924529e-01  2.722308e+00  0.000000e+00  0.000000e+00  0.000000e+00  0.000000e+00  0.000000e+00  0
T 1 2 0   6.095838e+01  0.000000e+00  0.000000e+00  0.000000e+00  0.000000e+00  0.000000e+00  0.000000e+00  0
T 0 4 0   9.715979e+02  0.000000e+00  0.000000e+00  0.000000e+00  0.000000e+00  0.000000e+00  0.000000e+00  0
T 0 2 2  -8.659010e+02  0.000000e+00  0.000000e+00  0.000000e+00  0.000000e+00  0.000000e+00  0.000000e+00  0
T 1 1 1  -5.452709e+01  0.000000e+00  0.000000e+00  0.000000e+00  0.000000e+00  0.000000e+00  0.000000e+00  0
T 2 0 2  -1.966962e+03  0.000000e+00  0.000000e+00  0.000000e+00  0.000000e+00  0.000000e+00  0.000000e+00  0
T 0 1 3   7.773828e+02  0.000000e+00  0.000000e+00  0.000000e+00  0.000000e+00  0.000000e+00  0.000000e+00  0
T 0 3 1   1.621558e+01  0.000000e+00  0.000000e+00  0.000000e+00  0.000000e+00  0.000000e+00  0.000000e+00  0
T 4 0 0  -1.419643e+04  0.000000e+00  0.000000e+00  0.000000e+00  0.000000e+00  0.000000e+00  0.000000e+00  0
P 0 0 1  -6.236858e-01 -6.466346e-02  2.952651e-01 -5.747772e-01  0.000000e+00  0.000000e+00  0.000000e+00  0
P 0 0 3   9.560933e+00 -1.708867e+01  0.000000e+00  0.000000e+00  0.000000e+00  0.000000e+00  0.000000e+00  0
P 0 1 0  -3.215786e-01  3.082068e-01 -8.039546e-02  2.602149e-01  0.000000e+00  0.000000e+00  0.000000e+00  0
P 0 1 2  -1.665448e+01 -1.545366e+00  0.000000e+00  0.000000e+00  0.000000e+00  0.000000e+00  0.000000e+00  0
P 0 2 1  -4.018884e+00  2.622520e+01  0.000000e+00  0.000000e+00  0.000000e+00  0.000000e+00  0.000000e+00  0
P 0 3 0  -1.806501e+01  8.628014e+00  0.000000e+00  0.000000e+00  0.000000e+00  0.000000e+00  0.000000e+00  0
P 1 0 1   5.588571e+00 -4.118518e-01  7.907703e+00  0.000000e+00  0.000000e+00  0.000000e+00  0.000000e+00  0
P 1 0 3  -4.099923e+02 -2.146256e+03  0.000000e+00  0.000000e+00  0.000000e+00  0.000000e+00  0.000000e+00  0
P 1 1 0   3.131723e+00  1.310948e+00  2.102952e-02  0.000000e+00  0.000000e+00  0.000000e+00  0.000000e+00  0
P 1 1 2  -4.661088e+02  0.000000e+00  0.000000e+00  0.000000e+00  0.000000e+00  0.000000e+00  0.000000e+00  0
P 1 2 1  -5.065149e+02  0.000000e+00  0.000000e+00  0.000000e+00  0.000000e+00  0.000000e+00  0.000000e+00  0
P 1 3 0   3.376229e+01  0.000000e+00  0.000000e+00  0.000000e+00  0.000000e+00  0.000000e+00  0.000000e+00  0
P 2 0 1  -2.897998e+01 -1.437159e+02  0.000000e+00  0.000000e+00  0.000000e+00  0.000000e+00  0.000000e+00  0
P 2 1 0  -1.108533e+02  4.298786e+01  0.000000e+00  0.000000e+00  0.000000e+00  0.000000e+00  0.000000e+00  0
P 3 0 1  -7.201831e+02  0.000000e+00  0.000000e+00  0.000000e+00  0.000000e+00  0.000000e+00  0.000000e+00  0
P 3 1 0  -1.785346e+03  0.000000e+00  0.000000e+00  0.000000e+00  0.000000e+00  0.000000e+00  0.000000e+00  0
P 0 0 0   1.406722e-04  1.409960e-04 -3.132036e-03 -1.094759e-03  0.000000e+00  0.000000e+00  0.000000e+00  0
P 1 0 0  -1.088043e-02  0.000000e+00  0.000000e+00  0.000000e+00  0.000000e+00  0.000000e+00  0.000000e+00  0
P 2 0 0  -2.109502e-02  0.000000e+00  0.000000e+00  0.000000e+00  0.000000e+00  0.000000e+00  0.000000e+00  0
Y 0 0 1   7.697399e-01 -1.237742e+00 -6.363828e-01  2.915294e-01  0.000000e+00  0.000000e+00  0.000000e+00  0
Y 0 0 3   6.579089e+00  5.036337e+01  0.000000e+00  0.000000e+00  0.000000e+00  0.000000e+00  0.000000e+00  0
Y 0 1 0  -1.212283e+00 -7.665945e-01  1.468243e-01 -7.387958e-02  0.000000e+00  0.000000e+00  0.000000e+00  0
Y 0 1 2   3.690691e+01 -5.670801e+01  0.000000e+00  0.000000e+00  0.000000e+00  0.000000e+00  0.000000e+00  0
Y 0 2 1  -6.435145e+00  6.523826e+01  0.000000e+00  0.000000e+00  0.000000e+00  0.000000e+00  0.000000e+00  0
Y 0 3 0   6.610325e+01  2.316494e+01  0.000000e+00  0.000000e+00  0.000000e+00  0.000000e+00  0.000000e+00  0
Y 1 0 1  -2.541615e+00 -6.487397e+00 -2.105763e+00  0.000000e+00  0.000000e+00  0.000000e+00  0.000000e+00  0
Y 1 0 3   8.996841e-01  0.000000e+00  0.000000e+00  0.000000e+00  0.000000e+00  0.000000e+00  0.000000e+00  0
Y 1 1 0  -1.499933e+01 -1.945663e+00 -1.758749e+00  0.000000e+00  0.000000e+00  0.000000e+00  0.000000e+00  0
Y 1 1 2   3.728417e+03  0.000000e+00  0.000000e+00  0.000000e+00  0.000000e+00  0.000000e+00  0.000000e+00  0
Y 1 2 1  -1.440365e+03  0.000000e+00  0.000000e+00  0.000000e+00  0.000000e+00  0.000000e+00  0.000000e+00  0
Y 1 3 0   1.779800e+03  0.000000e+00  0.000000e+00  0.000000e+00  0.000000e+00  0.000000e+00  0.000000e+00  0
Y 2 0 1   4.223730e+02  1.426767e+02  0.000000e+00  0.000000e+00  0.000000e+00  0.000000e+00  0.000000e+00  0
Y 2 1 0   3.472067e+02 -1.352775e+02  0.000000e+00  0.000000e+00  0.000000e+00  0.000000e+00  0.000000e+00  0
Y 3 0 1   5.082739e+03  0.000000e+00  0.000000e+00  0.000000e+00  0.000000e+00  0.000000e+00  0.000000e+00  0
Y 3 1 0   5.259414e+03  0.000000e+00  0.000000e+00  0.000000e+00  0.000000e+00  0.000000e+00  0.000000e+00  0
Y 0 0 0   1.650000e-04  1.195515e-03  5.587958e-03 -4.245201e-03  0.000000e+00  0.000000e+00  0.000000e+00  0
Y 1 0 0  -7.656281e-03  0.000000e+00  0.000000e+00  0.000000e+00  0.000000e+00  0.000000e+00  0.000000e+00  0
Y 2 0 0  -2.213957e-01  0.000000e+00  0.000000e+00  0.000000e+00  0.000000e+00  0.000000e+00  0.000000e+00  0
L 0 0 0 0  25.713
L 1 0 0 0  1.234E-01
L 2 0 0 0  5.034E-01
L 0 1 0 0 -1.025E+01
L 0 2 0 0  3.248E+01
L 0 0 1 0 -1.238E+00
L 0 0 2 0 -4.672E+00
L 0 0 0 1  1.066E+00
L 0 0 0 2  2.013E+01
XF 1 0 0 0 0 -2.181E+00
XF 0 1 0 0 0 -1.980E-01
XF 0 0 0 0 1  1.191E+01
TF 1 0 0 0 0 -1.000E-01
TF 0 1 0 0 0 -4.690E-01
TF 0 0 0 0 1  1.967E+00
PF 0 0 1 0 0  3.630E-01
PF 0 0 0 1 0 -0.902E+00
YF 0 0 1 0 0 -5.950E-01
YF 0 0 0 1 0 -1.274E+00